10000171
10002504
100109
10015924
10015924
10016953
10017404
10018588
1002487
1002487
1002928
1002928
1005302
1005302
10055485
10056091
10056381
10056727
10058856
10058856
10058895
10058895
10061725
10064949
10092884
10094780
10095089
10095089
10095976
10095978
10098457
10098741
1012501
1012501
1016053
10161431
10162297
10162297
10164553
10167659
10171058
10171058
1017343
1017343
1017915
1018866
1018866
1020340
1020340
10204345
10204346
10204401
10204545
10204953
10205947
10205964
10207785
10214859
10215181
10215181
1022249
1022249
10226309
10226309
10227188
10227188
1022758
1022758
10233738
10236653
10236653
10240643
1024071
10243993
10243993
10244139
10247201
10247201
10247218
10261978
10261978
10268853
10269262
10271641
10271814
10273244
10274257
10274584
10275240
1027926
10284716
1028499
10293499
10294887
10295309
10295900
1029636
1029636
10299078
10299078
10314227
10315862
10315862
10317255
10317255
10320092
10320517
10320517
10321677
10321693
10322024
10322024
10322041
10322074
10322074
10322141
10322141
10322543
10322543
10322546
10322546
10322554
10322641
10324741
10324770
10324771
10325000
10325165
10325423
10326089
10326108
10326242
10326812
10326943
10329595
10329595
10329645
10329918
10329923
10329929
10331412
10331737
10331737
10331792
10333034
10333163
10333247
10333248
10333456
10334027
10334031
10334083
10334123
10334123
10335079
10335081
10335170
10335344
10335514
10341490
10341541
10341612
10341613
10341692
10341790
10341821
10341823
10341823
10341995
10342016
10342053
10342212
10342234
10342235
10342235
10342646
10342695
10342704
10342709
10342709
10342715
10342715
10342768
10342802
10342804
10342890
10343212
10343217
10343272
10343273
10343391
10343433
10343479
10343958
10344280
10344280
10344527
10344808
10344862
10345213
10345224
10345225
10345227
10345242
10345244
10345293
10345845
10345845
10346320
10346516
10346551
10346618
10346721
10346790
10346802
10346891
10346891
10347078
10347079
10347079
10347089
10347089
10347137
10347145
10347162
10347292
10347295
10347295
10347350
10347354
1034949
1034949
10349753
10349909
10349938
10349939
10349949
10349950
10350000
10350014
10350025
10350321
10350321
10350333
10350350
10350512
10350572
10350572
10350612
10350639
10351128
10351248
10351249
10351269
10351288
10351295
10351497
10351603
10351607
10351617
10351645
10351651
10351675
10351683
10351792
10351843
10351879
10351978
10351989
10352133
10352940
10356425
10356425
10358538
10358757
1036832
10377688
10377688
10378697
10378697
10380725
10380725
10382798
10382972
10386959
10387117
10388339
10388390
10388424
10388491
10388491
10390881
10390881
10391542
1040033
10405599
10405629
10405629
10405630
10405630
10407028
10407028
10412527
10413682
10413877
10423331
10423331
10427040
10427967
10428498
10428498
1043026
1043026
10432677
10433550
1043624
1043624
10442826
10442826
10445680
10448987
10448987
10449651
10450834
10451240
10451436
10451939
10451939
10453175
10464190
10464190
10465189
10466943
10466943
10468690
10468690
10472448
10474861
10484530
10484551
10488478
10489256
10489948
10490101
105081
105081
1051388
1051388
1051389
10520472
10524215
10524313
10524313
10524319
10527033
10527034
10527071
10527140
10527607
10574777
10581244
10581244
10581940
10585833
10590983
10595831
10595831
10595882
10595882
10597651
10600916
10602268
10603614
1060544
1060544
10605990
10606140
10606429
10607014
10614172
10614172
10619260
10619950
10619950
10620041
10622492
10623132
10623132
10623447
10628238
10628239
10628452
10628515
10628531
10628571
10628596
10628614
10628643
10628643
10628678
10628681
10628681
10628689
10628692
10628725
10628725
10628726
10628743
10628786
10628805
10628805
10628821
10628891
10629174
10629654
10629655
10629748
10629753
10629761
10629888
10635523
10636123
10637014
10637045
10639735
10639966
10641082
10645234
10653513
10653513
10653520
10653520
10653523
10653523
10653538
10653538
10673132
10673132
10677614
10677614
10677617
10677617
10677639
10677639
10677641
10677641
10677644
10677644
10677655
10677655
10677677
10677677
10688124
10695001
10695099
10695173
10695173
10695369
10695369
10695373
10695373
10695399
10695399
10695407
10695407
10695414
10695414
10706650
10706650
10707909
10709585
10714359
10715847
10716353
10717401
10717401
10717428
10717428
10725053
10739524
1074465
1074465
10753506
10757634
10757634
10798158
10798455
10798455
10800987
10800989
10801032
10801032
10801246
10801251
10802775
10804401
10804401
10814670
10814670
10822685
10822685
10823335
10823612
10827812
10827812
10848822
10848922
10849952
10849952
10851748
10851748
10852751
10853390
10853770
10856667
10856667
1085968
10860730
10860730
10867825
10867994
10867994
1087933
10882880
10882880
10882984
10882984
10883257
10883332
1088391
10884885
10884885
10887231
10887231
1089208
1089208
10900658
1090339
1090991
1090991
1091023
1091023
1093715
1093715
1094639
1094639
1096639
1097285
1097285
10974076
10974076
10974211
10974211
10974850
10974850
10976230
10976230
10977159
1097845
1097845
10979377
10981056
10982496
10982496
10982591
10983060
10984055
1098660
1098660
11014931
11015821
11015821
11021336
11021336
11023526
11023539
11023974
11024358
11024358
11024599
1103476
1103476
11040378
11040378
11047483
11048834
11048834
11049808
11050833
11062894
11062912
1106372
11064637
11064638
11064638
11064987
11065253
11065253
11066466
11067558
11067596
11072901
11072901
11073838
11073838
11073913
11073913
11074314
11074314
1108245
1108245
11082983
11084507
1108538
1108538
11085403
11086183
11086647
11086647
11087752
1108932
1108932
11092474
11092478
11092478
11092488
11092488
11092780
11092780
11092872
11092872
11095424
11096400
11096885
11097853
11097853
11098332
11099575
11100410
11101503
11101755
11101755
11102563
11103586
11107217
1110725
11107569
11107753
11107753
11109163
11112955
11112965
11113001
11113003
11113031
11113068
11113086
11113087
11113089
11113104
11113106
11113112
11113113
11113114
11113193
11113194
11113238
11113243
11113525
11113591
11113910
11113921
11113923
11113976
11113984
11114005
11114089
11114231
11114382
11114412
11114412
11114564
11114758
11114758
11115015
11115015
11115079
11115079
11115086
11118643
11118643
11120004
11120205
11120682
11120682
11122843
11122876
1112343
11125988
11127118
11127118
11129050
11130437
11133189
11133200
11133200
11133430
11135541
11135541
11135615
11158883
11158883
11158976
11159197
11159229
11234
1129648
1129648
113185
113185
11342347
11342484
11344234
11344840
11345749
11348121
11348397
11349278
11350301
11351947
11353795
11354439
11354439
1137087
11384044
11384609
11384609
11385278
11386560
11386561
11386562
11386563
11386565
11386566
11386707
11386712
11389304
11391069
1139111
1140991
1140991
114510
11460540
11460550
114625
114625
11466686
11467046
11467099
11469836
11471358
11474671
11475423
11476188
11476496
11477334
11477783
11479002
11479359
11479445
11479847
11479921
11480739
11481948
11481983
11483519
11483954
11484799
11486363
11486874
11486874
11486875
11486875
11486911
11486957
11487385
11488269
11488847
11489239
11489345
11491219
11491391
11491437
11492717
11493192
11494308
11494436
11494437
11494438
11494439
11494500
11494611
11494668
11494824
11494915
11494916
11494985
11494986
11494986
11495184
11495185
11495186
11495187
11495194
11495767
11495767
11495770
11496354
11496547
11496607
11496947
11496947
11496952
11497184
11497224
11497431
11497431
11497732
11498096
11498122
11498462
11498462
11498495
11498508
11498565
11498600
11498715
11498817
11498818
11498819
11498820
11498827
11498827
11498837
11499002
11499086
11499104
11499106
11499106
11499114
11499132
11499247
11499247
11499280
11499325
11499328
11499397
11499611
11499757
11500009
11500192
11500529
11500532
11500533
11500694
11500694
11501361
11501379
11501392
11501403
11501984
11502105
11502164
11502164
11502392
11502993
11502996
11503144
11503145
11503152
11503153
11503154
11503156
11503332
11504521
11504526
11504742
11504749
11504754
11504765
11505156
11505416
11505437
11506707
11506710
11506714
11506716
11506806
11506983
11507043
11507049
11507059
11507063
11507080
11507080
11507081
11507083
11507094
11507131
11507428
11507491
11507492
11507677
11507684
11507756
11507756
11508372
11508399
11508697
11508698
11508700
11509092
11509190
11509190
11509312
11509653
11510346
11510576
11510872
11510874
11510900
11510948
11510948
11511008
11511008
11511081
11511094
11511094
11511357
11511370
11511606
11511809
11512124
11512278
11512666
11512666
11512752
11512765
11512879
11513007
11513142
11513223
11513224
11513441
11513606
11513607
11513922
11514374
11514507
11514709
11514720
11515109
11515298
11515448
11515720
11515760
11516359
11516643
11517204
11517350
11517577
11517577
11517714
11518674
11518789
11518965
11519311
11519346
11519346
11519351
11519355
11519474
11519475
11519477
11519528
11519652
11519652
11519677
11519805
11520012
11520177
11520289
11520494
11520641
11520711
11520756
11520756
11520822
11520822
11520942
11521199
11521363
11521390
11521501
11521501
11521591
11521604
11521607
11521622
11521690
11521710
11521711
11521722
11521722
11521723
11521724
11521725
11521726
11521727
11521728
11521729
11521730
11521731
11521731
11521732
11521733
11521734
11521735
11521736
11521771
11521773
11521881
11521882
11521883
11521884
11521885
11521886
11521887
11521888
11521888
11521889
11521890
11521891
11521892
11521893
11521894
11521895
11521961
11521970
11521970
11522027
11522176
11522176
11522177
11522275
11522276
11522390
11522391
11522392
11522439
11522440
11522462
11522826
11522921
11522922
11522924
11522926
11522927
11522927
11523056
11523234
11523240
11523241
11523249
11523452
11523453
11523482
11523502
11523502
11523596
11523765
11523766
11523766
11523962
11524026
11524028
11524031
11524031
11524383
11524383
11524442
11524603
11524945
11525021
11525038
11525039
11525052
11525103
11525441
11525563
11525643
11525643
11525673
11525676
11525680
11525685
11525749
11525950
11526093
11526411
11526412
11526505
11526543
11526544
11527168
11527181
11527224
11527560
11527574
11527575
11527884
11528004
11528037
11528684
11528684
11529023
11529094
11529667
11529667
11529681
11529687
11529903
11529903
11530703
11530810
11530810
11532399
11532401
11532405
11532521
11532622
11532627
11532751
11532751
11533101
11533272
11533272
11533328
11533422
11533579
11533727
11533730
11533812
11533837
11533848
11533848
11533879
11533935
11534250
11534268
11534492
11535004
11535106
11535610
11535787
11535787
11535792
11535886
11535888
11535888
11535890
11535890
11535916
11535916
11535932
11535952
11535956
11536347
11536382
11536610
11536871
11536917
11536934
11536994
11536994
11537209
11537635
11537635
11537692
11538130
11538470
11538806
11538839
11539314
11539347
11539362
11539875
11539890
11539893
11539897
11539900
11539900
11539903
11540420
11540420
11540601
11540601
11540682
11540719
11540788
11540997
11541114
11541561
11541882
11541923
11542265
11542348
11543151
11543151
11543356
11543372
11543376
11543514
11543578
11543968
11544279
11545184
11545202
11545234
11545282
11545561
11546231
11546231
11546912
11546994
11547002
11547141
11547361
11547537
11548186
11548373
11548605
11550291
11550291
11550661
1155115
1155115
11551759
11551834
11552250
11552261
11552353
11552425
11552577
11552913
11552984
11553171
11553171
11553176
11553187
11553536
11553804
11553820
11553976
11554182
11554185
11554198
11554424
11554684
11555211
11555658
11556334
11556764
11556768
11557098
11557332
11557751
11557776
11557902
11557905
11558176
11558451
11558695
11559186
11559349
11559459
11559713
11560205
11560235
11560661
11560663
11560832
11560833
11560836
11560845
11560847
11560850
11560851
11560854
11560922
11560978
11560981
11561034
11561628
11561726
11561756
11561801
11561808
11561812
11561849
11561851
11561854
11561861
11562064
11562104
11562309
11562327
11562377
11562396
11562954
11563411
11563620
11563818
11563893
11564377
11564891
11565230
11565233
11565233
11565450
11565453
11565508
11565508
11565536
11565574
11566218
11566315
11566317
11566440
11566442
11566442
11566795
11566874
11566883
11566883
11566957
11566988
11567034
11567330
11567336
11567559
11567936
11568345
11568360
11568589
11568621
11570102
11570110
11570353
11570696
11571101
11571181
11571291
11571336
11572158
11572317
11572402
11572752
11572801
11573463
11573676
11573847
11573948
11574060
11574872
11574983
11574983
11575254
11575337
11575666
11575752
11575867
11575969
11576121
11576188
11576565
11576749
11577246
11577896
11578210
11578242
11578245
11578281
11578287
11578414
11578438
11578708
11579073
11579524
11579554
11579903
11580073
11580252
11580280
11580402
11580435
11580459
11580498
11580503
11580671
11580695
11580724
11580733
11580736
11580761
11581020
11581187
11581268
11581376
11581943
11582108
11583855
11583875
11584333
11584381
11585384
11586579
11586697
1158671
1158671
11587513
11587894
1158853
11589009
11589012
11589283
11589541
11590177
11590254
11590432
11590662
11591196
11591286
11591430
11591680
11591814
11591931
11592154
11592688
11592878
11593269
11593391
11593567
11593890
11593992
11594049
11594188
11594787
11595340
11595573
1159587
1159587
11596272
11596322
11596494
11596605
11597002
11597045
11597143
11597149
11597491
11597648
11598260
11598275
11598295
11598312
11598404
11598450
11598515
11598544
11598553
11598558
11598560
11598563
11598571
11598579
11598607
11598946
11598962
11598974
11599097
11599175
11599216
11599311
11599564
11599868
11599911
11599930
11600137
11600174
11600358
11600518
11600574
11600737
11600869
11600875
11601322
11601344
11601803
11601874
11602023
11602179
11602311
11602952
11602994
11603482
11604823
11605526
11605735
11605738
11605740
11605798
11605887
11606137
11606338
11606362
11606444
11606599
11606906
11607169
11607700
11607833
11608046
11608270
11608288
11608407
11609270
11609387
11609886
11609937
1161103
1161103
11612005
11612006
11612084
1166050
1168107
1168107
1168713
1168713
1171882
1171882
1176614
1178298
1178298
11798291
11798291
11798816
11798816
11805806
11805806
11809007
11809007
11810902
11810902
11813402
11813402
11818918
11818918
11819343
11819343
11826171
11826171
11835104
11835104
1186722
1186722
1186749
1186805
1186805
1186836
1186836
1187148
1187565
1187565
1187741
1187755
1187827
1187830
1188527
1188527
11900181
11900181
11900420
11900420
11901495
11901723
11901723
11902593
11902593
11910724
11913439
11914003
11914010
11914012
11915783
11915807
11915853
11915866
11915869
1191592
1191592
11915940
11916124
11916702
11917132
11917531
11921751
11922166
1192235
11922459
11922460
11922785
11922845
1192370
1192370
11926010
11927910
11929154
11931355
11931690
11933834
11934277
11937221
11937297
11942726
11944297
11945646
11948420
11949342
11949621
11953676
11957660
11958538
11959297
11962655
11962655
11962991
11962991
11963019
11963019
11963379
11963379
11964475
11966810
1197213
1197213
119886
119886
119911
119911
11998145
11998145
11998606
11998606
11998808
11999732
11999840
11999884
12000005
12000157
12000185
12000807
12002458
12004479
12004479
12007305
12007568
12009103
12009106
1200960
12009745
12009745
12010484
12010484
12012028
12012028
12012727
1201356
1201356
12015093
12015329
12018299
12018299
12018306
12018306
12018800
12020207
12020267
12020267
12020348
1202120
1202120
12022178
12022178
12022435
12022454
12025587
12026636
12026731
12026731
12027296
12028469
12030947
12031137
12034151
12052069
12056560
12057241
12057394
12057394
12057925
12058430
12059622
12060240
12060241
120645
120645
12064808
12064937
12065125
12065161
12065710
12065710
12065873
12065873
12066607
12066607
12067169
12067169
12068486
12068492
12068972
12070800
12072410
12072410
12072810
12073985
12078652
12079998
12079998
120825
120825
12085902
12088769
12088769
12093176
12094510
12094690
120947
120947
12095424
12096628
12096670
12100168
12101464
12102825
12104341
12104637
12104801
12105447
1210607
12109004
12109004
12109675
12109675
12110949
12111661
12114206
12115805
12116104
12122094
12122094
12123036
12123355
12123355
12124416
12124416
12124862
12124862
12127565
12127905
12128039
12128858
12133334
12133443
12133518
12134400
12135210
12135210
12139976
12143620
12143620
12151982
12159901
12159901
12160577
12160577
12161426
12161426
12163609
12163986
12164002
12167034
12167034
12170010
12170037
12171092
12171096
12171929
12175428
12175461
12183478
12186959
12189083
12189083
12194157
12194232
12194401
12198974
12199539
12199539
12200594
12200594
12200603
12200603
12202785
12204345
12219316
12227524
12227524
12227566
12227566
12227601
12227601
12227789
12227789
12227890
12227890
12228377
12228377
1224195
12248214
12248225
12248442
12249694
12250029
12251636
12252308
12253490
12257711
12258867
12260260
12260297
12260299
12260304
12261255
12261255
12262858
12265426
12268016
122716
122716
12276264
12304019
123106
123106
12316542
12316552
12316562
12316589
12318596
1232216
123295
123295
12330258
12338834
12342834
12343024
12344023
12350895
12351157
12366037
12366846
12372847
12373713
12373850
12373850
12376945
12377530
12378038
12385111
12387346
12388548
12389835
12391170
12391464
12391504
12391701
12391713
12391743
12392711
12393904
12395732
12395737
12395851
12395874
12396098
12397827
12397883
12397994
12398048
12399019
12399141
12399900
1240140
1240140
12401575
12403036
12403222
12403945
1240507
1240507
12405429
12405429
12405496
12405703
12405749
12405749
12406137
12408981
12409044
124114
124114
12411801
12411950
12412141
12412362
12412929
12414790
12414827
12416498
12416500
12416535
12416611
12416627
12416630
12417088
12417448
12417522
12417884
12420091
12420143
12423251
12424083
12429471
12432897
12433148
12434548
12434565
12436882
12454698
12454719
12454910
1245627
1245627
12456850
12456852
12459722
12459722
12465411
12465413
12465490
12465556
12467305
12467358
12467363
12467364
12469522
12469564
12471319
12472171
12472260
12472466
12472635
12472650
12473043
12473064
12473226
12473227
1247328
1247328
1247349
1247349
12473587
12473878
12473901
12473920
12473939
12473941
12473969
12474012
12474197
12474244
12474246
12474265
12474266
12474795
12474868
12474904
12475006
12475876
12475930
12476225
12476260
12477792
12477823
12478128
12478255
12478416
12478462
12479997
12480052
1248195
1248195
12481984
12483034
12483046
12483095
12483240
12483313
12483657
12484908
12484936
12485094
12485112
12485123
12485443
12485942
1248617
12488923
12488935
12489140
12489645
12490624
12490631
12490884
12490990
12491400
12491463
12491654
12491703
12496293
12496798
12497076
12506321
12506325
12506329
12506337
12506338
12506353
12506401
12506427
12506448
12506451
12506458
12506459
12506467
12506468
12506469
12506494
12506518
12506521
12506524
12506526
12506530
12506531
12506536
12506541
12506542
12506543
12506557
12506565
12506574
12506584
12506593
12506615
1250704
1250704
12507171
12507452
12508361
12508776
12508852
12508943
12509415
12509437
12509529
12509608
12510423
12510490
12510495
12510693
12510790
12512074
12512180
12512991
12513326
12513494
12513617
12513641
12513682
12513692
12515147
12516668
12516720
12517294
12518168
12518184
12518200
12518213
12518866
12518867
12519018
12519093
12519337
12519420
12519421
12519569
12519740
12520363
12520669
12522464
12522837
12522884
12522895
12522964
12523108
12523146
12523181
12524221
12527196
12527223
12527250
12527465
12527503
12527507
12527544
12527562
12527566
12527624
12527955
12528131
12528132
12528152
12528292
12528908
12530159
12530274
1253042
1253042
12532234
12534223
12534251
12534288
12534330
12535323
12535324
12535325
12535330
12535331
12535332
12535563
12535750
12535895
12535917
12535954
12542045
12542669
12542712
12542779
12543205
12543240
12543349
12543504
12543540
12544203
12544665
12544925
12544966
12545063
12545133
12546443
12546453
12546466
12546784
12546826
12546847
12546969
12548061
12548061
12548963
12555507
12556444
12556460
12557510
12557525
12558259
12558294
1255901
12560928
12562728
12562756
12562804
12563884
12565409
12565456
1256605
12567234
12568016
12569694
12573195
12573430
12573527
12574875
12575552
12577772
12578490
12578790
12579582
12579679
12579910
12579946
12579955
12582049
12583828
12584365
1258452
12584654
12584983
12585287
12585343
12585543
12587482
12587499
12588168
125902
125902
12590984
12591428
12591455
12591462
12591467
12591939
12592149
12592195
12592444
12594892
12598468
12598490
12598573
1259922
1259922
12600314
12601406
12604831
12604856
12606269
12609109
12609229
12609230
12609231
12609232
12609233
12609419
12609450
12609481
12609490
12609513
12609629
12609689
12609695
12609708
12609865
12609931
12609995
12610062
12610402
12610403
12610405
12610406
12610411
12610416
12610418
12610431
12610436
12610439
12610623
12610624
12610637
12610649
12610651
12610657
12610659
12610666
12610667
12610673
12610698
12610731
12610833
12610970
12610971
12610973
12610974
12610975
12610978
12610979
12610980
12610981
12610982
12610983
12610984
12610987
12610988
12610989
12610991
12610992
12610993
12610994
12610995
12610996
12610997
12610998
12610999
12611000
12611001
12611002
12611003
12611004
12611005
12611006
12611007
12611008
12611009
12611011
12611012
12611013
12611014
12611015
12611016
12611017
12611018
12611019
12611020
12611021
12611022
12611026
12611027
12611041
12611042
12611046
12611047
12611049
12611051
12611195
12611196
12611197
12611198
12611199
12611200
12611201
12611202
12611203
12611204
12611205
12611206
12611207
12611208
12611209
12611210
12611212
12611235
12611588
12611821
12611990
12612656
12612658
12614745
12614781
12614995
12615046
12615463
12615554
12615697
12616096
12616100
12616161
12616313
12616327
12616361
12616682
12616690
12616693
12616719
12616769
12616793
12616800
12616842
12616882
12617002
12617009
12617012
12617056
12617156
12617200
12617410
12617505
12617632
12617695
12617779
12618486
12618679
12618706
12618756
12618942
12618943
12619094
12619116
12619121
12619122
12619132
12619134
12619138
12619139
12619140
12619144
12619294
12619305
12619313
12619449
1261945
1261945
12620551
12620552
12620572
12620658
12620670
12620794
12620842
12620911
12620969
12621198
12621269
12621278
12621383
12621392
12621402
12621404
12621510
12621525
12621638
12621640
12621785
12621819
12621822
12621899
12621946
12622029
12622117
12622148
12622186
12622273
12622520
12622541
12622695
12622701
12622802
12622838
12622929
12622935
12622974
12626270
12626768
12627247
12627324
12627336
12627377
12627488
12627873
12628086
12628120
12628163
12628372
12628394
12628396
12628417
12628443
12628595
12628878
12629042
12629145
12629164
12629221
12629233
12629249
12629274
12629300
12629327
12629415
12629529
12629546
12629554
12629569
12629602
12629655
12629670
12629681
12629717
12629725
12629733
12629826
12629830
12629833
12629834
12629853
12629872
12629929
12629944
12629949
12629959
12630032
12630057
12630066
12630120
12630154
12630158
12630176
12630221
12630234
12630235
12630254
12630283
12630300
12630313
12630323
12630329
12630338
12630353
12630415
12630418
12630428
12630435
12630484
12630554
12630563
12630568
12630584
12630616
12630618
12630736
12630760
12630782
12630786
12630802
12630830
12630855
12630870
12630872
12630897
12630908
12630919
12630921
12630922
12630933
12630938
12630946
12630954
12630964
12631028
12631030
12631031
12631033
12631083
12631101
12631110
12631112
12631115
12631117
12631122
12631123
12631136
12631166
12631221
12631245
12631247
12631254
12631370
12631371
12631484
12631487
12631598
12631599
12631745
12631801
12631803
12631812
12631824
12631837
12631920
12631952
12632026
12632100
12632114
12632134
12632268
12632292
12632334
12632353
12632360
12632381
12632403
12632495
12632536
12632566
12632574
12632596
12632603
12632613
12632661
12632689
12632724
12632760
12632762
12632765
12632766
12632779
12632808
12632873
12632907
12632921
12632930
12632935
12632937
12633051
12633060
12633276
12633357
12633377
12633382
12633438
12633577
12633633
12633699
12633728
12633749
12633759
12634037
12634086
12634130
12634158
12634162
12634172
12634176
12634178
12634183
12634184
12634185
12634188
12634192
12634193
12634194
12634195
12634218
12634219
12634222
12634234
12634282
12634298
12634302
12634316
12634349
12634497
12634711
12634802
12634910
12635055
12635208
12635314
12635319
12635454
12635522
12635761
12635763
12635769
12635980
12636121
12636142
12636163
12636165
12636334
12636345
12636522
12636652
12636661
12636683
12636694
12636848
12636859
12636967
12638178
12638288
12638983
12639537
12639603
12640232
12640254
12640431
12640434
12640584
12640705
12640788
12640989
12642707
12645272
12647732
12647897
12650296
12650367
12650414
12650467
12650512
12650521
12650523
12650531
12650535
12650563
12650564
12650589
12650637
12650644
12650645
12650865
12650874
12650965
12650974
12650985
12651048
12651050
12651073
12651074
12651089
12651096
12651373
12651397
12651558
12652014
12652143
12652254
12652324
12652594
12652657
12652669
12652865
12652935
12652943
12653463
12653499
12654010
12654016
12654216
12654294
12654295
12654390
12654465
1265785
1265785
12658202
12685042
12685141
12685175
12685176
12685842
12685843
12685858
12685863
12686959
12686963
12687018
12687222
12687236
12687264
12687274
12687480
12687951
12688913
12698326
12698356
12698523
12698579
12698590
12698606
12698656
12698673
12698681
12699762
12699774
12702662
12703635
12704211
12705105
12718630
12720162
12720269
12720285
12720374
12720418
12721948
12721981
12722065
12722127
1273080
1273080
1273597
1273597
1273747
1273747
12740592
12741134
12742224
12743167
12743295
12743515
127443
127443
12744347
12744650
12746190
12746204
12746329
12746332
12746393
12748018
12749709
12749837
12752028
12752220
12752224
12754807
12757045
1276082
1276082
12763285
12763553
12763569
12764155
12764208
12767736
12767911
12769407
12769645
12769968
12770074
12770076
12770084
12771816
12771887
12771964
12771996
12775189
12775214
12775217
12775299
12775304
12776117
12776603
1277678
12777450
12777451
12777543
12779166
12780682
12782445
12782541
12782545
12782697
12782768
12783176
12783177
12786272
12786383
12786971
12787055
12787124
12815662
12825255
12825795
12825806
12832211
12832406
12832895
12835146
12835167
12840161
12840268
12840379
12840720
12846401
12846439
12846494
12846510
12853377
12853388
12853878
12854355
12854393
12855917
12855939
12855947
12859317
12864091
12864165
12864188
12867371
12867377
12870229
12870672
12872709
12872896
12872973
12873397
12874462
12874536
12875601
12875674
12875721
12875800
12876143
12876588
12876625
12876661
12879617
12879617
12883220
12883807
12883833
12884394
12884408
12884408
12884413
12884595
12884881
12885391
12885427
12885431
12885643
12885663
12893426
12893466
12893782
12894310
12894328
12895922
12895922
12896248
12896284
12896290
12896511
12896531
12896577
12896655
12896729
12897104
12897848
12897848
12899425
12899465
12899523
12899552
12899803
12900279
12900951
12900951
12901257
12902177
12902185
12902416
1290355
12904207
12905130
12905202
12905483
12905858
12905858
12906912
12907608
12907620
12909416
12910108
12910938
12910960
12912141
12912292
12912292
12913331
12913331
12913482
12914077
12914246
12914772
12914779
12914780
12914784
12915077
12915126
12915155
12915159
12915185
12915187
12916211
12916542
12916599
12916849
12917100
12917669
12918076
12918609
12918609
1292027
1292027
12920887
12921348
1292200
1292200
12923383
12923497
12923497
12923583
12923652
12926287
12926333
12926872
12927029
12927577
12927904
12927907
12928159
12929018
12929037
12929106
12929782
12930203
12930260
12930269
12930854
1293493
1293493
12936151
12937337
12937564
12937844
12938474
12940012
12940012
12940022
12941569
12941604
12945722
12945879
12945963
12946672
12946717
12947625
12947989
12948033
12948144
12948308
12950661
12951504
12951509
12951610
12951622
12951637
12951722
12951864
12951866
12951942
12952022
12953016
12953023
12954426
12954450
12954575
12955253
1295748
1295791
1295791
1295897
1295897
12959083
12959635
1295979
1295979
12963889
12963920
12963923
12964014
12964570
12967101
12967154
12967760
12968284
12973790
12976951
12978254
12979042
12979071
12979549
12979798
12981428
12981443
129833
129833
12984694
12984809
12986438
12986479
12987267
12988112
12988119
12988174
12988184
12988195
12988206
12988444
12988459
12989525
12989796
12990202
12990531
12992785
12993045
12993095
12993095
12993482
12996615
12996623
12998474
12998963
12999938
13000353
13000423
13001465
13001502
13001512
13001594
13001594
13005571
13007380
13007387
13007511
1301607
13023366
13023377
13023403
13023413
13023700
13024037
13025678
1302569
1302569
13025980
13025985
13027020
13027039
13027104
13027116
13027129
13027142
13027688
13028376
13028442
13028617
13029484
13029489
13031055
13033685
130351
130351
13035189
1303546
1303546
13036074
13036091
13044676
13044683
13045262
13045346
13046692
13047430
13047438
13048249
13050620
13051264
13051264
13051988
13052018
13056140
13056218
1305638
1305638
13056515
13057045
13057048
13058730
13059406
13059408
13059435
13060045
13060045
13061401
13061948
13061995
13062011
1306240
1306240
13063070
13063070
13063577
13066188
13066570
13071219
13071488
13075256
13079693
13079964
13080615
13081599
13082493
13083119
13083119
13084184
13084919
13084983
13084983
13085601
13085601
13086424
13088324
13089086
13089527
13089536
13091991
13092647
13093983
13094725
13095330
13095359
13095361
13095361
13095365
13095714
13096731
13096731
13097275
13099539
13099539
1310047
13100573
13101857
13102270
1310682
1310682
13108320
13110717
13113384
13121562
13121562
13122385
13124157
13124422
13124488
13124555
13126265
13126639
13126639
13130265
13130284
13130287
13130738
13130738
13131432
1313308
1313308
13134316
13136736
13137575
13138232
13138232
1313941
1313941
13148755
13154102
13155897
13156263
13165007
13165436
13165694
13166826
13166826
13167067
13167067
1316740
1316740
1316744
13167537
13167537
13167618
13167618
13169927
13169927
13172317
13172317
13173855
13173855
13174328
13174328
13174958
13174958
13176971
13176971
13177429
13177429
13177652
13177652
13177911
13177911
13181442
13181442
13181510
13181510
13182473
13182473
13183237
13183237
13183255
13183255
13183468
13183468
13183962
13183962
13184611
13184611
13185703
13185943
13185943
13186777
13186777
13188439
13188452
13188452
13189151
13189155
13189156
13189159
13190180
13190183
13190184
13190190
13191410
13191531
13192104
13192348
13192503
13193019
13193021
13193023
13193025
13193026
13193042
13193760
13195013
13195209
13195222
13195873
13195995
13197253
13197254
13197255
13197271
13198181
13198289
13198392
13198393
13198397
13198398
13198399
13198400
13198405
13198407
13198532
13198556
132002
132002
13200353
13200498
13200755
13200757
13200760
13201655
13201800
13202335
13203940
13204259
13204281
13204310
13204404
13204628
13204731
13204902
13204921
13205013
13205832
13206011
13206166
13206189
13206243
13206282
13206322
13206529
13206588
13206785
13207087
13207187
13207948
13207971
13208104
13208162
13208390
13209497
13209648
13210660
13212721
13213056
13214164
13215322
13216187
13218688
13218897
13218897
13219514
13219988
13224899
13225733
13227042
13227042
13227810
13227813
13231222
13231336
13231674
13232249
13232521
13232521
1323256
1323256
13235499
13235499
13235567
1323617
1323617
13238642
13239279
13240133
13240202
13240340
13240839
13241532
13242253
13242253
13242590
13247672
13249717
1325029
1325029
13250304
13250304
1325090
13251119
1325157
13251607
13254946
13255020
13255020
13255717
13255964
13255998
13255998
13256085
13264276
13271124
13271287
13272372
13272603
13273206
13273746
13275240
13275927
13275927
13276529
13278536
13278694
13280006
13280006
13280056
13280339
13280585
13280697
13280700
1328076
13280962
13281344
13282728
13283586
132837
132837
13284962
13285882
13286655
13286701
13286701
13286803
13286878
13287741
13288465
13288465
13288916
13289877
13290152
13292680
1329276
13292863
13293204
13293534
13293951
13294214
13294288
13294290
13294350
13294351
1329458
1329458
13294633
13294663
13294663
13294949
13294952
13294956
13294958
13294962
13294963
13294968
13294968
13294996
13295021
13295043
13295260
13295260
13295691
13295774
13297022
13297172
13297478
13297481
13297621
13297636
13298941
13298941
13298977
13299621
13299621
13299630
13299630
13299673
13299777
13300167
13301161
13301162
13301179
13301183
13301183
13301238
13301333
13301336
13301366
13301648
13301783
13301792
13301793
13301900
13301926
13301933
13301933
13302261
13302559
13302641
13303615
13305680
13305680
13306830
13307048
13311550
13311552
13311553
13311554
13311557
13311557
13311558
13311584
13311603
13311608
13311619
13311622
13311623
13311627
13311628
13311629
13311632
13311638
13311639
13311640
13311642
13311642
13311646
13311649
13311652
13311652
13311654
13311680
13311680
13311682
13311683
13311685
13311686
13311687
13311692
13311693
13311693
13311694
13311695
13311736
13311743
13311748
13311750
13311752
13311756
13311763
13311772
13311787
13311792
13311797
13311798
13311881
13311881
13311913
13311934
13311934
13311974
13311974
13311984
13311986
13311986
13311987
13311991
13312405
13312405
13312408
13312408
13312416
13312428
13312646
13312702
13312761
13313047
13313067
13313067
13313214
13313258
13313367
13313434
13313434
13313515
13313528
13313704
13313704
13313776
13313799
13313799
13313815
13313897
13313906
13313947
13313994
13314985
13314985
13314986
13314986
13316096
1331895
1331895
13321699
13321972
13322219
13326859
13327476
13327680
13329186
13329335
13329335
13332073
13332416
13332435
13332520
13332520
13332866
13333120
13333204
13333407
13333549
13334174
13334240
13334315
13334315
1333551
13337203
13337367
1334742
1334742
1335247
1337779
1337779
134028
1344089
1344089
1345749
1345804
1345804
1346407
1346407
1346672
1346672
1347059
1347059
1347373
1347929
1347929
1356219
1356219
1359156
135942
135942
1361529
1361529
1363579
1363579
136409
136409
137175
137175
1374769
1374769
138453
138453
138498
138926
138926
1390658
139471
139471
1401801
1401801
143099
1433069
1435116
1483920
1484008
1484009
1484368
1489502
1489503
1489503
1490894
1490894
1492350
1492350
1493455
1493655
1493655
1495019
1497335
1499320
15000165
15000182
15000182
15000316
15000594
15000594
15000697
15001329
15001329
15002081
15002081
15002316
15002554
15002698
15002725
15002872
15002979
15003116
15003450
15003460
15003477
15003753
15003761
15003866
15003870
15003890
15003901
15004046
15004046
15004058
15004177
15004181
15004183
15004187
15004200
15004207
15004213
15004228
15004255
15004277
15004278
15004279
15004281
15004282
15004860
15004891
15005227
15005339
15005558
15005558
15005584
15005584
15005587
15005688
15005826
15005831
15005858
15005895
15006233
15006238
15006288
15006641
15007087
15007178
15007178
15007384
15007384
15007628
15007652
15008264
15008415
15008809
15008809
1500889
15009967
15009974
15009979
15009994
15010069
15010069
15010313
15010489
15010489
15010642
15010642
15010678
15010678
15010825
15010825
15011057
15011503
15011503
15011982
15011982
15012210
15012247
15012251
15012251
15012252
15012254
1501458
1501458
15017574
15017574
15017640
15017678
15019285
15019285
15020435
1502252
1502252
15023007
1502585
15027629
15030767
15030767
15031633
15032967
15032969
15035437
15035990
15036137
15036321
15036351
15036372
15036389
15036397
15036397
15036631
15036667
15036698
15036745
15036751
15036858
15037145
15037544
15037844
15037927
15038667
15038667
15038843
1504353
1504353
15043605
15043726
15043863
15045189
15045189
15045607
1504698
15047079
15047693
15047695
15048171
15048576
15048969
15048982
15048986
15049059
15049654
15049655
15049655
15050029
15050029
15054789
15054789
15058629
15059407
15059662
15059769
15059803
15059900
15059904
15060016
15060335
15060364
15060436
15060473
15060612
15061789
15062000
15062000
15062002
15062002
15062183
15062183
15062194
15062946
15062947
15062947
15063381
15063381
15064435
15071195
15071789
15071848
15071848
15071853
15071869
15071870
15071875
15071909
15071909
15072123
15072128
15072182
15072229
15072625
15072629
15072683
15072746
15072748
15072825
15073204
15073250
15073251
15073272
15073317
15073357
15073364
15073512
15073586
15073825
15073832
15073872
15073957
15074083
15074104
15074257
15074421
15074466
15074500
15074529
15074927
15075211
15075544
15075898
15076040
15076109
15076313
15076378
15077158
15077171
15077172
15077178
15077253
15077332
15077689
15078555
15078646
15078861
15078893
15078913
15078922
15079143
15079246
15079621
15080259
15080269
15080379
15080525
15080757
15081013
15081083
15081436
15082975
15083107
15083215
15083231
15083237
15083320
15083328
15083460
15083530
15083531
15083535
15083547
15083611
15083785
15083926
15083959
15083998
15084048
15084093
15084167
15084232
15084265
15084291
15084295
15084298
15084315
15084327
15084488
15084989
15089006
15089122
15091426
15091520
15093879
15096285
15096552
15097157
15102314
15102795
1510507
1510507
15112580
15112726
15112756
1511654
15121670
15123824
15133176
15133855
15137293
15139535
15144864
15146960
15146974
15147143
15147175
15147176
15147275
15147284
15147297
15149408
15151073
15151075
15151166
15151223
15151306
15151644
15151684
15151796
15151846
15151893
15152340
15152370
15152373
15152413
15152559
15152739
15152750
15152750
15152784
15153042
15153213
15153213
15153418
15153488
15153827
15153827
15154134
15154288
15154313
15154313
15154321
15154916
15154948
15154985
15155068
15155132
15155188
15155311
15155312
15155357
15155503
15155588
15155620
15155624
15155823
15155955
15156629
15156924
15156953
15156956
15156962
15157022
15157039
15157133
15157142
15157261
15157326
15157521
15157701
15157850
15157856
15157991
15157993
15158052
15158107
15158107
15158208
15158226
15158229
15158233
15158234
15158238
15158259
15158262
15158263
15158284
15158372
15158429
15158564
15158947
15159370
15159377
15159483
15160338
15160466
15160511
15160511
15160518
15160518
15160835
15160842
15161087
15161141
15161214
15161662
15161737
15161788
15161848
15161877
15161878
15162105
15162105
15162710
15162830
15162834
15163856
15164058
15164538
15165849
15165849
15168977
15168977
15169039
15169041
15169076
15169076
15170843
15171140
15171192
1517745
15182278
15182488
15183935
15184136
15204418
15209843
15240962
1524577
15257443
15257443
15258579
15258579
15259341
15259349
15259635
15259640
15259688
15260654
15262236
15263068
15263230
15263514
15263688
15263718
15265078
15265078
15265140
15265140
15265194
15265194
15265197
15265197
15265206
15265206
15265230
15265230
15265527
15265527
15265600
15265600
15266905
15266905
15266956
15267041
15267153
15267153
15267265
15267294
15267337
15267798
15267858
15267905
15268091
15268091
15268244
15268244
15268521
15268776
15268780
15268819
15269232
15269295
15269302
15269306
15269318
15269329
15269331
15269332
15269339
15269423
15269601
15269698
15269698
15269722
15269722
15269742
15269742
15269799
15269799
15269803
15269803
15269839
15269839
15269872
15269872
15270070
15270070
15270074
15270074
15270124
15270124
15270266
15270266
15270309
15270309
15270312
15270406
15270406
15270416
15270416
15270478
15270478
15270498
15270498
15270524
15270524
15270556
15270556
15270566
15270566
15270574
15270574
15270575
15270575
15270577
15270577
15270913
15271468
15271468
15271513
15271537
15271543
15271594
15271594
15271645
15271645
15275630
15275826
15276625
15276935
15277179
15277552
15277631
15277963
15277964
15278740
15278779
1527884
1527884
15278980
15278991
15279063
15279110
15279171
15279199
15279304
15279458
15279459
15279476
15279498
15279525
15279547
15279625
15279686
15279687
15279695
15279759
15281241
15281241
15281745
15285196
15285258
15285260
15285343
15285395
15285679
15285698
15285699
15285700
15285702
15285703
15285704
15285780
15285797
15285805
15285879
15285939
15285952
15285961
15285963
15285964
15285965
15285966
15285967
15285968
15285969
15285970
15285972
15285983
15286024
15286060
15286092
15286095
15286236
15286236
15286240
15286240
15286259
15286259
15286273
15286273
15286289
15286289
15286290
15286290
15286296
15286296
15286374
15286425
15286446
15286446
15286477
15286483
15286483
15286484
15286490
15286498
15286498
15286499
15286499
15286524
15286524
15286595
15286595
15287304
15287315
15287424
15289590
15289590
15289679
15289897
15290090
15290140
15290392
15290392
15290415
15290415
15290416
15290416
15290476
15290476
15291013
15291240
15291831
15291841
15291848
15291998
15291998
15292039
15292039
15292183
15292183
15292468
15292621
15293058
15293058
15293393
15293409
15294227
15294240
15294295
15294588
15294661
15294795
15294796
15294833
15295139
15295306
15295437
15295884
15295951
15296177
15296750
15296770
15296871
15296897
15296992
15297003
15297016
15297027
15297052
15297106
15297128
15297235
15297299
15297346
15297391
15297508
15297557
15297773
15297970
15297994
15298013
15298080
15298125
15298550
15298578
15298580
15298651
15298674
15298682
15298701
15298741
15298762
15298792
15298796
15298834
15298851
15298854
15298881
15298892
15298896
15298903
15298904
15298906
15298963
15299067
15299085
15299100
15299113
15299127
15299142
15299149
15299157
15299164
15299174
15299203
15299219
15299248
15307516
15307613
15307615
15307664
15307664
15307686
15307686
15307728
15307728
15307933
15307996
15308012
15308093
15308267
15308326
15308327
15308351
15308383
15308387
15308393
15308396
15308434
15308695
15308875
15308881
15308974
15309005
15309030
15309031
15309041
15309049
15309272
15309302
15309323
15309329
15309333
15309998
15310011
15310169
15310581
15310838
15310852
15310856
15311133
15311266
15311484
15311583
15311889
15311916
15311931
15312183
15312443
153144
153144
15315713
15315713
15315721
15315721
15315729
15315743
15315747
15315747
15315763
15315767
15315767
15315804
15315820
15315827
15315878
15315882
15315882
15315892
15315892
15315896
15315896
15315970
15315970
15315988
15315988
15316013
15316022
15316023
15316037
15316045
15316045
15316088
15316108
15316147
15316148
15316220
15316220
15316232
15316232
15316259
15316259
15316260
15316286
15316320
15316328
15316346
15316346
15316347
15316347
15316348
15316348
15316374
15316374
15316383
15316424
15316425
15316505
15316505
15316531
15316531
15316533
15316533
15316896
15316980
15316989
15316993
15317046
15317059
15317068
15317072
15317212
15317249
15317249
15317667
15317878
15318190
15318360
15318360
15318553
15318558
15318594
15318602
15318631
15318638
15318677
15318714
15318838
15318902
15318902
15318972
15319090
15319454
15319786
15319863
15319930
15319930
15320127
15320155
15320155
15320598
15320598
15320661
15320679
15320734
15320810
15321078
15321098
15321101
15321106
15321154
15321163
15321168
15321337
15321353
15322139
15322368
15322368
15322460
15322575
15322615
15322723
15322723
1532960
1533023
15332644
15332644
15332687
15332687
15332801
1533715
15347295
15349560
15349726
15349816
15349956
15350459
15350564
15350580
15350703
15350757
15350794
15351005
15351073
15351092
15351093
15351094
15351099
15351130
15351154
15351187
15351244
15351244
15352023
15352619
15352677
15352764
15352941
15353179
15353193
15353212
15353214
15353214
15353215
15353215
15353216
15353217
15353217
15353402
15353651
15353660
15354160
15354210
15354735
15354735
15354769
15354769
15354819
15354819
15354827
15354827
15354860
15354860
15354876
15354876
15355029
15355125
15355128
15355260
15355260
15355475
15355673
15355676
15356038
15356038
15356148
15356168
15356181
15356253
15356458
15356458
15357256
15357300
15357311
15357942
15357975
15357977
15358025
15358025
15358045
15358045
15358245
15358245
1536052
15367955
15367955
15367965
15367965
15368056
15368984
1537624
1537624
15381349
15381387
15381410
15381425
15381483
15381486
15381493
15381539
15381613
15381620
15381623
15381643
15386323
15386323
15386395
15386395
15386457
15386457
15386585
15386585
15386602
15386602
15386627
15386627
15386662
15386662
15386686
15386686
15387027
15387027
15387028
15387028
15387079
15387079
15387134
15387134
15387157
15387157
15387160
15387160
15387171
15387171
15387176
15387176
15387447
15387447
15387611
15387616
15387798
15387947
15388200
15388200
15388332
15388387
15388510
15388531
15388531
15388533
15388533
15388540
15388540
15389906
15390719
15390719
15390788
1539086
15390888
15390915
15391182
15391182
15394181
15394181
15400124
15400124
15400598
15400728
15400743
15400847
15401042
15401364
15401764
15401764
15401945
1540202
15403384
15403384
15404421
15404422
15404497
15404575
15404712
15405200
15405310
15405650
15405764
15406099
15406531
15406738
15406738
15406990
15406990
15407149
15407149
15407153
15407153
1540917
15410035
15410057
15410057
15410956
15411219
15412584
15412584
15412858
15412858
15413013
15413016
15414638
15414638
15414721
15414721
15415830
15417345
15417345
15417855
15417855
15420116
15420979
15421489
15421489
15421491
15421491
15421598
15421601
15421699
15422937
15423348
15423349
15423349
15423375
15423435
15423440
15423824
15424912
15424912
15426198
15426743
1542693
15426970
15426970
15429225
15429225
15429238
15434599
1543480
1543480
15435244
15435666
15435868
15435939
15435949
15436016
15436296
15436296
15436572
15436814
15436838
15436905
15436905
15437003
15437011
15437017
15437161
15437161
15437630
15437676
15437722
15438438
15438438
15438679
15438679
15438708
15438708
15438730
15438730
15438743
15438743
15438818
15438818
15438825
15438835
15438835
15439460
15439460
15439656
15439714
1543974
15440289
15441058
15441066
15441230
15441855
15441855
15441907
15441912
15441933
15442024
15442205
15442212
15442808
15442856
15442947
15442956
15443035
15443063
15443132
15443169
15443177
15443299
15443303
15443314
15443317
15443430
15443471
15443603
15443657
15443663
15443691
15443930
15443993
15444073
15450425
15451109
15451111
15451118
15451251
15451377
15451495
15451500
15451652
154533
154533
15458597
15458597
15458912
15464859
1547675
15486534
15490674
15490984
15490984
15490987
15490987
1549596
1549596
1549597
15501268
15502646
15502774
1550379
15503978
1550498
1551500
1552808
1555056
155612
155612
1557653
1557962
1557962
1560867
1560867
1561018
1561018
1561445
1564208
1564740
1565730
1566713
1566713
1569681
1570207
1570207
1577369
1579746
1581473
1582443
1582443
1583867
1586598
1587870
1587870
1589549
1590120
1590120
1590801
1595862
1596647
1596647
1597118
1601864
1602724
1602995
1603128
1603536
1603536
1611063
1611063
1614987
1615647
1616961
1620633
1622511
1622919
1625258
1626498
1626498
1627672
1630174
1630494
1630494
1634309
1634469
1636752
1637281
1643604
1643790
1645224
1647392
1648975
1648975
1649546
1649546
1649599
1650440
1650440
1651417
1651483
1652822
1652822
1655757
1657203
1657203
1659329
165943
165943
1660232
1665774
1667947
1667947
1669237
167127
167127
1672757
1672757
1673149
1673407
1673407
1673563
1675571
167983
1685068
1685068
1685418
1685418
1688445
1699656
1705330
1707720
1715464
1718171
1729141
1729838
1730625
1731656
1733106
1733343
1733345
1733612
1734234
1734234
1736179
1736181
1736182
1736183
1739906
1743066
1744291
1744602
1744602
1745141
1746765
1746765
1746855
1746855
1747331
1747331
1747474
1747709
1747709
1749350
1749350
1750587
1750587
1751883
1751883
1753054
1753054
1754185
1754185
1754845
1755545
1755545
1756010
1757108
1757677
1761805
1761805
1762208
1763015
1763015
1763515
1763515
1764290
1765566
1765566
1766330
1769343
1769343
177006
177006
1771884
1771884
1775249
1775249
178502
178502
1785747
1786802
1786802
1789534
1793551
1793551
1796658
1796658
1797878
1797878
1801693
1801693
1801969
1802889
1809787
1810708
1811950
1811950
1812230
1812740
1812740
1812986
1813853
1813853
1814440
1814440
1815706
1816476
1816476
1818759
1818777
1830176
183830
183830
1839720
1846562
1848243
1849178
1849892
1850644
1850644
1855915
1859522
1867378
1867787
1879188
1880037
1880292
1880292
1884135
1884393
1884495
1884495
1885103
1885103
1885162
1885162
1888122
1891425
189249
189249
1892632
1892632
1893642
1894249
1894249
1894997
189517
189517
1897117
1897565
1898078
1898078
1900635
1900635
1901020
1909042
1910938
1911037
1914912
191701
1917358
1918801
1920924
1922116
1923261
1924398
1925918
1925918
1926367
19277
1927979
1928639
1928639
1928766
1928766
1933041
19332
1933523
1933530
1937604
1938150
1938473
1940269
1940269
1943346
1943346
1943740
1943740
1945350
1945350
1945730
1947414
1950269
1950269
195297
195297
1957653
1958115
1958115
1958832
1959295
1959688
1959688
1959803
1961580
1961580
1961761
1961761
1964151
1964251
1967465
1967465
1969068
1969068
1969114
1969301
1969527
1970180
1970180
1972054
1975930
1975930
1976853
1976853
1977490
1977490
1977491
1978490
199128
199128
1994330
1994613
1994613
2002703
2002703
2004128
2004128
2004924
2004924
200529
200529
2007430
2007430
2007842
2007842
2009494
200974
2010303
2010303
2010474
2012595
2012767
2012801
2012801
2013088
2014501
2014909
2015864
2015864
2016522
2017685
2017685
2018515
2018515
2019193
2021566
2025017
2025017
202534
202534
2026618
2029286
2029286
2030027
2031284
2043933
204786
2064007
2066437
2066677
2067765
2068550
2068558
2068558
2069460
2069564
2069565
2070054
2070054
2071736
2071888
2073736
2073829
2074591
2075646
2075646
2076147
207650
207650
2082981
2085871
2086452
2087005
2087005
2087408
2093534
2093534
2093547
2093547
2094278
2094668
2095164
209661
2097802
2097802
2097932
2098162
2099558
209992
2101008
2102255
2103258
2103269
2103442
2103442
2103772
2103772
2103961
2104108
2104108
2104195
2106156
2106934
2109332
2110801
211125
211125
212473
212473
2127952
2127952
213051
213051
2133201
2133201
2133203
2133409
213578
213578
2136222
2136710
2136710
2136889
2137155
2139803
2139803
2141438
2142181
2142873
2145153
2145413
214643
214643
2146955
2146955
2148720
2150174
2150174
2151040
2151040
2152645
215447
215447
2157693
2158399
2159859
2162039
2162039
2163319
2171950
2171950
2179636
2182054
2182054
2183179
2183179
2183335
2184062
2184062
2185375
2186280
2188993
2188993
2190238
2194061
2194837
2195980
2196154
2196773
2199929
2200844
2200844
2207330
2207330
2212247
2212342
2212342
2213671
2214125
2214125
2214813
2214813
2215729
2215729
2218739
2223130
2224351
2224961
2225015
2225278
2227665
2227665
2227667
2231132
2231132
2231677
2233001
2233150
2233452
2234866
2235679
2237844
2238492
2238492
2238591
2238616
2240904
2242137
2242478
2242916
2242916
2244898
2245812
2247352
2247463
2247567
2251171
2252737
2252740
2253566
2254422
2256438
2256438
2256485
2257532
2259153
2259556
2259556
2259775
2259775
2260209
2261224
2261249
2261257
2261309
2261329
2261331
2261410
2261410
2261894
2262109
2262109
2262732
2262732
2263185
2263430
2266935
2266935
2269910
2271551
2271551
2274019
227481
2276600
2276679
2276693
2278630
2280111
228537
228537
2288104
2288104
2288819
2291056
2294608
2294608
2295719
2295927
2295927
2296111
2298687
2299912
2300274
2301312
2301546
2302619
2303381
2303381
2304284
2304284
2305626
2309965
2309965
2309972
2312963
2320153
2320212
2320212
2321019
2321019
2321020
2321021
2321644
2323151
2323381
2324942
2327532
2327532
2327850
2328206
2329747
2330142
2331638
2331638
2333564
2334041
2337001
2337001
2339094
2339094
2339188
2339188
2341756
2341756
234291
234291
2344070
2344950
2344950
2345479
2347483
2348076
2348076
2348237
2348237
2349014
2350484
2351406
2351738
2353127
2353127
235529
2357106
237396
2376597
2380546
2380546
2390815
2390815
2392206
2402995
2402995
2404512
2404512
2406009
24141
241852
241852
242371
242371
2429157
2429612
2429910
2430316
2431949
2431949
2433217
2433217
2434374
2434374
2435241
2435241
2436247
2436620
2438491
2439092
2441424
2441424
2442620
2442620
24438
2445152
2447497
2449451
2449686
2449686
2449866
245032
2451919
2452538
2452798
2457195
2457938
2459690
246460
2465907
2467840
2468950
2469258
247424
247424
247560
247560
2477465
2479521
2479521
2480731
2481602
2482124
2482124
2482446
2492775
2492775
249356
249356
24970
2497656
2497662
2497701
2497701
2502129
2502640
2502640
2502641
2502753
2503515
2503515
2504774
2504783
2504793
2504793
2504799
2504800
2504811
2504819
2504827
2504888
2504888
2504919
2510181
2511
2512435
2512435
2516434
2518949
2522140
2531921
2533845
2548023
2548023
2550087
2558440
2562201
2562544
2580863
2590331
259081
25909
259715
259715
2601937
2601937
2601938
2601938
2603868
2603868
2614270
2615980
2621037
2621156
2621156
2622339
2626603
2626603
262778
262778
2628885
2628885
262981
262981
2629827
2629827
2631256
2632375
2633283
2633283
263358
2634082
2634082
2634593
2634593
2636004
2636004
2636452
2636641
2636665
2636665
2637378
2637384
2638883
2639905
2640804
2644257
2644257
2644692
2644692
2644700
2653744
2654358
2654358
2655371
2655371
2655581
2655632
2657209
2657209
2657510
2658558
2659773
2659809
2662369
2663045
2663045
2664508
2664508
2665577
266623
266623
266625
266625
2666847
2667648
2667786
2667878
2670636
2670814
2670814
2670828
2670828
267212
267212
267225
267225
2673158
2677744
2679806
2679806
2681824
2683519
2683519
2684179
2684179
268484
268484
2685597
2686586
2686586
2687520
2687654
2687654
2687682
2687682
2692370
2693387
2694827
2694827
2695014
2695014
2695475
2695475
2696420
2697785
2697785
2699184
2699189
2699190
2699211
2699215
2699217
2699218
2699224
2699230
2699231
2703863
2704821
2705201
2705201
2706350
2708062
2708308
2708774
2709342
2710744
2710744
2711330
2711335
2711335
2711782
2711901
2711901
2712896
2716091
2716091
2717415
2717764
2717764
2718415
2722343
2722343
2722360
2722360
2728090
2731029
2731029
2732963
2734854
2734854
2735229
2735229
2735436
2735436
2739397
2740452
2740976
2742909
2742980
2743649
2743739
2743988
2743988
2744765
2745136
2745348
2745348
2746248
2746373
2746844
2748381
2748381
275144
275144
2752411
2752411
2752479
2753393
2753500
2754505
2756813
2756813
2758284
2758940
2759000
2759672
2759944
2760035
2760035
2762421
2762937
2764859
2765859
2766065
2767037
2767037
2767463
2767463
2767471
2767471
2767714
2768474
276935
276935
2770005
2770005
2776312
2779119
2784038
2784242
2784373
2784422
2785765
2786892
2788314
2788349
2788349
2790703
2792204
2792845
2792845
2793065
2795762
2795762
2795972
2795972
2796409
2797750
2797843
2799534
2801362
2801362
2802994
2803367
2803969
2804846
2804846
2805368
2808365
2808857
2809808
2810699
2811228
2812632
2813150
2813445
2813826
2815582
2816954
2817209
28192
2819240
2821383
2821674
2823559
2824331
2824756
2825664
2826293
2829792
2830978
2832670
2833977
2835439
2836248
2838777
2838777
2847880
2848980
2849967
2851952
2854911
2855053
2855878
2856550
2857306
2859406
2859406
2860457
2861762
2865125
2867040
2868628
2869646
2871192
2878448
2884239
2884673
2887778
2889119
2889212
2889359
2889571
2892276
2892342
2892760
289359
289359
2894165
2894343
2894973
2895767
2897511
2899602
2900187
2900782
2901611
2902790
2903302
2905069
2907271
2907944
2908035
2910311
2911265
2913846
2913866
2913995
2915571
2915774
2915797
2916247
2916378
2916549
2916989
2918010
2919102
2919102
2921082
2921153
2923121
2923417
2923657
2925834
2926344
2926405
2927088
2927088
2927485
2927534
2928562
2929587
2930682
2930688
2930895
2931423
2931439
2935856
2936983
2938374
2938862
2939434
2940180
2940334
2941400
2942576
2942782
2942942
2943172
2944583
2944604
2946551
2946872
2946908
2947766
2947766
2948012
2949224
294947
294947
2949655
2949655
2950190
2950346
2951035
2951303
2953216
2953651
2956215
2958608
2960578
2964454
2965017
2975909
2980221
2980938
298202
2983680
2992990
299735
299735
301116
301118
3035938
3039938
3039980
3042206
3042967
3045631
3046535
3048309
3051642
3052155
3053301
3053301
3054099
3055468
3057659
3058358
3077853
3078106
3078801
3080042
3080075
3080160
3080201
3080216
3080241
3080495
3080506
3080684
3080684
3080931
3081114
3081965
3082665
3082746
3084219
3086018
3086929
3087368
3102406
3102451
3102497
3102818
3102819
3103483
3103538
3103712
3103734
3103755
3103775
3103908
3103929
3103963
3104107
3104136
3104222
3104269
3104290
3104399
3104420
3104442
3104463
3104613
3104758
3105035
3105299
3105506
3105601
3105666
3105937
3106140
3106203
3106305
3106327
3106348
3106349
3106456
3106607
3106695
3106761
3106814
3107125
3107146
3108001
3108194
3110450
3110551
3110743
3117183
3118775
3118910
3119007
3122209
3122429
3123220
3124999
3127844
3127844
3127869
3127886
3127886
3129843
3129843
3132258
3132258
3132490
3132490
3132502
3132502
3133452
3133452
3135066
3136486
3136486
3136532
3136532
3136998
3136998
3137304
3137304
3137475
3137475
3137487
3137487
3137588
3137588
3137591
3137591
3137741
3138244
3139424
3139638
3140150
3143711
3144569
3147768
3148236
3148236
3148265
3148337
3148337
3149722
3149722
3149731
3150300
3150300
3151172
3151172
3151609
3151609
3151640
3151640
3151650
3152087
3153428
3153428
3153446
3153446
3155178
3155485
3155485
3155501
3155501
3155951
3156413
3156413
3157106
3159144
3159144
3161317
3161317
3163056
3163722
3163792
3163792
3163835
3164198
3164344
3164503
3165035
3165096
3165096
3165127
3165127
3166239
3166521
3166614
3166614
3166719
3167679
3173458
3174558
3174630
3174630
3175438
3177265
3177538
3177692
3179340
3179641
3179653
3179682
3180754
3180800
3180825
3180844
3180905
3180967
3181676
3182089
3182593
3182674
3182842
3183765
3184719
3184842
3186340
3187352
3188207
3188746
3188970
3189446
3189461
3189476
3190208
3190274
3190514
3190551
3190663
3190896
3192172
3192536
3193465
3194126
3194269
3197617
3198077
3198672
3199500
3200359
3200381
3201250
3201278
3201624
3201739
3201773
3202689
3202796
3202992
3203203
3203457
3203992
3204024
3204166
3204170
3204307
3205558
3205601
3205939
3206509
3206809
3207185
3207211
320759
3207879
3208065
3208381
3208408
3208959
3209009
3209559
3209886
3209933
3210181
3210951
3211354
3211492
3212599
3212669
3212863
3212864
3212960
3213001
3213002
3213652
3213667
3213712
3214063
3214078
3214079
3214400
3214523
3214524
3214558
3215205
3215560
3215594
3216071
3216417
3216515
3216541
3216542
3216812
3216813
3217792
3217862
3217863
3217874
3217879
3217880
3217973
3218200
3218297
3218594
3218603
3218722
3218731
3218735
3218874
3218875
3218876
3218877
3218878
3219150
3219179
3219290
3219379
3219758
3219761
3219762
3219797
3219810
3220470
3220472
3221701
3221853
3221890
3221972
3222036
322269
322269
3224578
3224743
3224761
3224763
3224765
3224767
3224779
3224780
3224781
3224783
3224879
3224881
3224882
322511
3225325
3226369
3226545
3227708
3228137
3228793
3228958
3229288
3229415
3229730
3230091
3230167
3230319
3230448
3230450
3230881
3230998
3231204
3231309
3231785
3232385
3234145
3234350
3234537
3234621
3234627
3234831
3235568
3235640
3235751
3235788
3236049
3236242
3236994
3237867
3238076
3238507
3238610
3239445
3239751
3239752
3239753
3239893
3239959
3239967
3239969
3239995
3240144
3240617
3240789
3240952
3241245
324194
324194
3243038
3243332
3244228
3244314
3244790
3245959
3246004
3246017
3247314
3247413
3248077
3248237
3248283
3248334
3248335
3248338
3248599
3249486
3249718
3250334
3250482
3250483
3250570
3250858
3251472
3251537
3251560
3252023
3252024
3252113
3252123
3252137
3252390
3252391
3252552
3252637
3252742
3252744
3252821
3253098
3253103
3253186
3253700
3253703
3253907
3254044
3254125
3254411
3254606
3254963
3255036
3256923
3256924
3257039
3257080
3257080
3257596
3257927
3257932
3257985
3257998
3261478
3261812
3261812
3262242
3262242
3262377
3262478
3262478
3262617
3262712
3262712
3263837
3263837
3264224
3264224
3264833
3264833
3265042
3265043
3265043
3265777
3265777
3266201
3266883
3268881
3268881
3270174
3270188
3271254
3271254
3271574
3271672
3271688
3272491
3272491
3272498
3272747
3272747
3273700
3274145
3274639
3276181
3276318
3279631
3279631
327974
327974
327977
327977
3279772
3279772
327979
327979
327980
327980
3279806
3279879
3279879
3279938
3279938
3279942
3279942
3280035
3280795
328141
328142
328142
3281566
328180
328180
328181
328181
328184
328184
328185
328185
328187
328187
328239
328240
328240
3282419
3282419
328243
328243
328245
328245
328248
328248
328266
328266
328267
328268
328268
328269
328269
328271
328271
328272
328272
328274
328274
328275
328275
328277
328277
328278
328278
328279
328279
3283822
3283907
3283918
3283918
3283948
3283948
3283992
3284438
3284533
3284741
3285034
3285034
3285100
3285100
3285360
3285801
3285829
3285831
3285831
3285874
3285874
3285925
3285925
3285981
3285998
3285998
3286687
3286687
3286771
3286771
3287824
3288244
3288244
3288414
3289074
3289088
3289095
3289095
3289226
3290120
3290120
3292116
3292116
3292148
3292148
3295211
3296078
3296178
3296291
3296291
3296354
3296354
3296425
3296425
3298523
3298589
3299235
3299238
3300091
3300095
3300448
3300716
3300716
3301761
3301761
3302597
3302597
3302685
3302685
3302797
3302797
3304270
3304270
3304273
3304273
3304518
3304518
3304669
3304669
3304713
3305682
3305741
330628
330628
3307624
3310122
3310183
3310183
3310198
3310198
3311091
3311091
3313218
3313514
3314208
3315737
3315737
3315738
3315739
3315739
3316971
3317288
3318068
3318068
3319356
3319362
3322556
3322685
3322685
3325136
332658
332658
332780
332780
3329221
3329573
3329573
3330042
3330267
3332995
3333222
3333695
3334009
3336292
3336411
3336411
3336570
3337009
3339428
3339815
3340290
3340323
3341906
3344739
3345402
3349179
3355433
3355434
3355747
3360920
3363086
3363182
3374257
3375647
3383461
3384555
3386809
3387650
3388140
3392696
3397865
3399860
3399919
3400293
3400579
3402132
3402346
3405811
3407203
3407342
3409041
3410517
3414083
3418971
3420320
3422780
3427282
3427283
3427299
3433261
3433385
3434356
3434436
343513
343513
3436017
3436499
3436499
3437282
3438400
3438400
3440083
3445504
3447306
3449403
3449506
3450193
3450266
3450562
3450574
3451381
3457330
3458475
3458715
3459748
3462690
3463551
3463611
3464380
3465122
3465122
3466992
3468937
3469093
3471194
3471216
34735
34735
3480588
3481079
3482062
3482211
3482587
3484646
3485537
349012
349012
349708
349708
3502045
3502120
3502556
3502800
3503024
3504740
3505569
3510856
3510892
3521768
3521924
3524921
3533868
3534644
3538145
3538927
3538951
3538973
3539119
3540942
3543699
3547410
3547446
3551255
3553176
3553476
3570607
3570607
3570610
3570610
3570618
3570618
3570636
3570636
3584692
3584707
3584713
3584715
3584734
3584736
3584738
3584738
3588107
3588107
3588155
3588155
3590146
3590146
3591193
3597806
3598644
3598656
3598929
3599164
3600158
3602021
3602022
3602262
3602582
3623854
3624290
3624290
3624294
3624294
3624311
3625671
3625740
3625740
3625792
3626033
3626034
3626137
3626157
3626235
3626238
3626269
3626279
3626334
3627728
3627734
3627753
3627773
3627830
3627882
3627916
3627944
3627953
3628032
3628036
3628076
3628394
3628404
3628422
3628685
3628967
3630415
3630445
3631621
3631959
363506
363506
3635989
3636116
3651056
3651618
3651620
3651671
3651675
3651722
3651940
3652439
3655248
3656582
3656915
3659409
3660236
3660246
3660273
3660652
3660784
3660808
3661005
3661199
3661639
3661828
3661936
3662004
3662005
3662043
3662139
3662388
3662409
3662997
3663035
3664222
3664404
3664515
3665434
3665435
3666189
3667062
3667567
3667577
3668211
3669990
3670364
3670932
3672886
3674216
3674500
3674549
3675493
3675493
3675859
3675862
3676040
3676104
3677746
3678886
3679095
3679266
3679895
3680848
3680856
3681385
3689121
3690808
3691158
3691159
3691196
3691197
3691369
3692472
3692751
3692752
3702962
3708642
3708642
371001
371001
3710108
3710752
3720148
3720209
3720210
3720250
3720267
3720302
3721068
3721086
3721092
3722529
3722532
3722533
3722543
3722660
372326
3723966
373571
3735725
3739029
3739481
374714
3747224
3747376
3747418
3747419
3753695
3754348
3754348
3755966
3755966
3756273
3756441
3756458
3756527
3759447
3769814
3771441
3773892
3776271
3776536
3778464
3778573
3778703
378188
378188
3781907
3782197
3783867
3784985
37861
37861
3786158
3786158
3789786
3791430
3791435
3793471
3793471
3794541
3797429
3799764
3801489
3801489
3802857
3803342
3804804
3806616
3807099
3807101
3807101
3808660
3808878
3809035
3809250
3809250
381080
3812200
3812415
3812415
3813499
3814439
3814874
3816604
3817558
3818775
3819759
3819882
3820091
3820092
3820731
3821229
3821316
3821664
3824107
3835357
3835576
3836553
3836553
3836689
3836689
3836759
3836759
3839451
3839451
3839455
3839455
3839475
3839475
3839631
3841058
3841058
3841977
3841977
3842310
3842644
3842647
3842888
3842911
3842911
3842914
3843018
3843018
3843020
3843020
3843218
3843218
3843553
3843553
3843557
3843557
3843836
3843836
3845726
3846678
3846678
3846704
3846704
3846753
3846753
3847077
3847077
3847088
3847572
3847572
3848527
3848527
3848951
3848951
3849575
3849819
3849819
3852877
3853535
3855960
3857892
3861452
3862209
3863561
3866135
3868854
3869158
3870105
3871765
3872176
3872204
3875095
3879998
3880552
3881939
3882558
3888528
388919
3889349
3890470
38912
38912
3891832
3892967
3893090
3893694
3893779
3893989
3895143
3895190
389554
389554
3896043
3896138
3899888
3901
3901190
3905879
3906005
3907071
3907219
3907442
3908128
3908414
3908626
3910764
3910838
3913367
3914842
3915160
3916006
39205
39205
3924080
3928202
3932219
3932344
3932346
3932637
3932650
3936247
3936247
3936297
3936297
3936424
3938091
3938106
3938106
3938116
3938116
3938130
3938130
3938139
3938688
3939018
3939643
3940417
3943563
3946403
3947273
3950523
3950832
3953024
3953117
3953184
3956668
3956844
3959979
3961451
3961629
3961629
3961686
3962004
3963632
3963632
3963855
3964197
3965171
3965648
3965741
3965741
3965852
3966586
3966586
3967316
3970863
3970863
3971514
3974750
3975346
3975661
3975665
3979853
3980816
3981406
3981406
3981425
3984020
3984101
3986741
3987498
3987885
3988066
3988686
3989242
3990698
3993007
3994068
3995428
3995576
3997381
4003416
4004103
4005852
4005892
4008006
4012019
4012771
4028394
4031707
4033042
4033042
4033459
4034241
4034889
4036419
4037567
4039799
4040372
4041917
4042689
404279
404279
4043241
4044562
4046968
4047567
4064751
4065232
4066029
4067705
4069315
4069778
4069908
4070929
4071211
4074020
4075980
4079348
4079774
4081248
4081966
408252
408252
4083328
4083755
4087395
4087757
4088946
4090128
4090132
4092758
4100074
4103145
4103918
4104918
4106221
4106438
4113744
4115738
4116510
4118410
411886
411886
4120126
4120249
4120789
4120789
4121383
4122600
4123525
4128138
4129363
4129816
4130614
4135186
4135187
4136425
4138042
4139530
4140123
4144248
4147919
4149019
4151420
4152069
4153586
415476
415476
4156012
4156045
4156314
4158202
4159434
4161623
4161793
4169171
4169171
4169452
4170149
4171158
4178917
4178917
4189216
418969
418969
4190776
4192442
4213987
4217395
4217500
4218009
4220282
4222915
4223548
4226553
4226848
4228788
4228788
4228789
4233215
423364
423364
423488
423488
4236672
4242944
4245759
4247328
4247355
4253233
4259723
4259723
4260482
4260483
4260484
4265184
4268875
4268875
4269205
4272518
4272518
4272607
4274500
4275676
4276967
4277989
428048
428048
4282133
4284520
4287122
428752
428752
4291529
4293436
4295442
4295442
4297977
4298597
4298895
4300718
4301123
4303089
4305189
4306536
4314790
4316332
4318744
4318794
4319029
4319715
4320247
4330462
433732
433732
4341482
4345092
4357344
4357381
4361165
4367742
4372413
4372423
4372431
4375125
4375890
4376206
4376416
4376937
4377031
4377229
4377465
4379627
4379640
4383078
4387885
4387983
438819
438819
4391320
4392915
4393471
4394111
4397886
4402132
4404897
4404899
4404937
4414161
4414798
4416460
4416577
4421241
442193
442193
4428934
4432338
4432343
4432356
4433308
4439607
4441223
4441233
4442766
4443002
4444048
4444151
4444424
4450497
4450497
4451209
4453384
4454456
4457001
4457763
4459713
4459788
4467291
4467609
4467963
4473436
4473927
447561
447561
4480376
4480778
4481043
4481087
4481444
4484081
4484700
4485693
4485693
4485714
4486347
4486367
4486418
4486446
4486493
4486496
4486767
4486993
4487261
4488011
4490667
4491039
449205
449205
449423
449423
4494955
4498931
4500590
4501156
4501156
4507533
450758
450758
4507675
4508937
4509487
4510372
4510491
4510557
4510772
4510772
4516389
4517114
4517845
4520057
4520122
4537797
4539585
4541021
4543864
4548358
4549447
4550268
4550426
455103
455103
4551190
4552095
4552104
4552104
4552171
4552175
4552246
4552246
4552313
455262
455262
4552889
4553050
4553742
4553875
4554151
4554207
4555242
4555393
4558609
4560264
4560350
4561107
4563424
4564982
4565439
4565439
4567302
4567463
4568121
4568406
4569243
4570058
4570864
4570961
4574144
457609
457609
4585155
458689
458689
4600513
4600612
460070
460070
460439
460439
4607932
4609016
4609016
4610538
4614112
4615856
461987
461987
46345
46345
4652243
4666424
466915
466915
4670928
467332
467332
4677193
4678450
4679558
4680971
4684672
468800
468800
4690790
4692655
4694667
4695115
4697212
4699039
4701094
4703472
4707659
4709257
471069
471069
4712634
4713228
4713228
471636
471636
4722727
4725016
4725893
4729952
4731799
4733190
4734278
4734332
473922
473922
474000
474000
4747027
4747189
4750145
4754733
4755023
4756202
4756383
4757709
4763876
4764729
4766954
476790
476790
4768825
4769267
4769519
4769656
4784289
478557
478557
479359
4797328
4813963
4816248
4820000
4822023
4828571
4831579
4833287
4833707
4837912
4838484
4841630
4842946
4843740
484493
484493
4846952
4848290
4848303
4848304
4848319
4848322
4848413
4848424
4848443
4848446
4848448
4848458
4848459
4848460
4848461
4848463
4848464
4849201
4849223
4856928
4856929
4859894
4861154
4864359
4864361
4870521
4871079
4876786
4877130
4878336
4878336
4879443
4880634
4880866
4881847
4881935
488229
488229
4887730
4888498
4889948
4892871
4892872
4892873
4894013
4894027
489405
4894083
4894596
4894597
4894598
4902853
4902876
4904389
4906835
4907651
4907651
4908015
4908101
4908328
4908328
4908385
4908493
4908493
4908634
4908866
4908876
4908876
4908885
4908885
4908893
4908896
4908896
4909224
4909461
4909461
4909470
4909470
4909491
4909491
4909498
4909498
4909508
4909508
4909525
4909525
4909538
4909543
4909543
4913279
4913923
4915288
491557
491557
4916372
4917179
492701
492701
492970
4931303
4932426
4933201
4933201
4933882
493566
493566
4935940
4936151
4957941
4959888
4961169
4961623
4966018
496611
496611
4967508
4969958
4971178
4971208
4971531
4972082
4974449
4975609
4975855
4980306
4980390
498294
498294
4985532
4986646
4987710
4989220
4989828
4991106
4992571
4994704
4995103
4997280
500446
500446
5007759
5009415
5010846
5011897
5015264
5017271
5017410
5025409
5029241
503196
5033075
5034982
5035590
5039357
503978
503978
5040151
5040242
5040912
5041276
5049430
5052163
5054958
5055667
505620
505620
5065511
5065596
5067138
5068644
5069215
5070826
5071695
5071777
5072761
5073992
50772
5078740
5079252
5085237
5085310
5086001
5086002
508854
508854
5088928
5089084
5093835
5097567
510307
510307
5106179
5109297
5110356
5110780
5111458
5112923
5123152
5123250
5123589
5123727
5124763
512635
512635
5126618
5126874
5126876
5131420
5138897
5139380
5139816
5141925
5141925
5142494
5143120
5144825
51451
5145695
5146279
5147192
515057
5150771
5151148
5151634
5154311
5154720
5157508
5160212
5162150
5165370
5165589
5166990
5169537
5170871
5172046
5172575
5172706
5178411
5181396
5181604
5183262
5183367
5183367
5183530
5183530
5184937
5184937
5185348
5185679
5187261
5187418
5187863
519093
519093
5195640
5196567
5197178
519744
519744
5197455
5197630
5200191
5201270
5203107
5204827
52087
5211784
5211786
5212584
5212639
5212643
5212672
5212673
5212793
5212816
5212817
5213449
5214108
5214419
5215488
5216838
5217960
5218692
5218951
5219463
5220421
5220424
52213
5226275
5226536
5226730
5229198
5229645
5229696
5231143
5231298
5231661
5232017
5233692
5234572
5235504
5235667
5235668
5235794
5235798
5235990
5236165
52369
5238144
5239169
5240894
5241897
5242685
5243855
5244595
5244868
5245686
5245922
5246623
5251284
5252267
5252606
5254206
5256807
5258540
5261437
5263831
5267533
5269433
5270002
5272276
5272277
5272278
5272280
5272281
5272282
5272283
5272284
5272287
5273800
5274031
5275399
5275400
5275401
5275402
5275720
5277511
5277788
5277789
5277915
5279328
5279342
5280053
5281264
5283339
528375
528375
5284178
5284178
5284233
5284825
5287276
5288150
5289481
5289914
5290249
529092
5291219
5291219
5291968
5292658
5293724
5294656
5295100
5295287
5295721
5295887
5296014
5296362
5303315
5304638
5304714
5305723
5306332
5307683
5308095
5308588
5308658
5308708
5308708
5309761
5310244
5310639
5311169
5311814
5313348
5313850
5313952
5314273
5314456
5314741
5314871
5315104
5315906
5316368
5316509
5316542
5316543
5317025
5317392
5318007
5319123
5319458
5319459
5319460
5319461
5319754
5319994
5320797
5320938
5321244
5323358
5324027
5324945
5324981
5326448
5330003
5330799
5332579
5333540
5339238
5339668
5341137
534273
534273
5344034
5344574
5346189
5347017
5347258
5351172
5356847
5356942
5357063
5358520
5359587
5359837
5360452
5361865
5362430
5362430
5363026
5363036
5363541
5363541
5364535
5366787
5366787
5368327
538915
538915
5399306
5401284
5406851
5406851
5410768
5410768
5415355
5416316
5418132
5418396
5418733
5418733
5422533
5422998
5423075
5425887
5425887
5426280
5427661
5428609
5428609
5433420
5433420
5435792
5435792
5439539
5439539
5439661
5439661
544070
544070
5442917
544402
544402
5448600
5450230
5451575
5451575
5452052
5452054
5452054
5452071
5452071
5453034
5453034
5454054
5457635
5457635
5457761
5458354
5466182
5466182
5473291
5474210
5475129
5475403
5475403
5475477
548130
548130
5481508
54816
54816
5484046
5484046
5485679
5485680
5486847
5487324
5487324
5491011
549438
549438
5509267
5512252
5512499
5518511
552673
552673
5528133
5528463
5544592
5544632
5545035
5545359
5545393
5545396
5553911
555467
555467
5556188
5558234
5558235
5558236
5558237
5558238
5563037
5564276
5564439
5573101
5578146
5579515
557972
557972
5581690
5586357
5587665
5587668
5588833
5588836
5590624
5591991
5592096
5592124
5592307
5592796
5593077
5593850
5597409
5598038
5601286
560306
560306
5603691
5603973
5606196
5613474
5614925
5615055
5616454
5617631
5619553
5619553
5619838
5619838
5621213
562197
562197
5622720
5623612
5627492
563036
563036
5633327
5637040
5638515
5638516
5646405
5648418
5648418
5648713
5649527
5649546
5649720
5651530
5652492
5655151
5655162
5655162
5656401
5657981
5659437
5660448
5660703
5660917
5661847
5665693
5667226
5668409
5668511
5670831
5670831
5671573
567380
567380
5677549
5677974
5677974
5681396
5681396
5682182
568289
568289
5683707
5683707
5684612
5686769
5687010
5687010
5689057
5690674
5691566
5692352
5692352
5693449
5696478
5696662
5696662
5697576
5697674
5699213
5699252
5699808
5701472
5701997
5702974
5702974
570550
570550
5706357
5708186
5708187
5708188
5708793
5709080
5709085
571213
571213
5716762
5717765
5718971
5719106
5722093
5729454
5734598
5736972
5737227
5740064
5740163
5741072
5746088
5746909
5747117
5748212
5748373
5752265
5752441
5753669
5753718
5770603
577395
577395
5774730
5781141
5782050
5783560
57921
5794091
5799615
5800088
5804051
5805821
580606
5806842
5811393
5811842
5812423
5814288
5815629
5816358
5816828
5817365
5817552
5817885
5818673
5819021
5820103
5822205
5823431
5824508
5830053
583029
583029
5836844
5836851
5838834
583903
583903
5840277
5841747
5843303
5846824
5846824
5853629
5854954
5855660
5859093
5860374
5860700
5861877
5863907
5864390
5868120
588209
588209
5907679
5907679
5910203
591030
5911190
5911814
5912558
5912808
5912924
5914738
5915456
5915963
5916093
5916547
591665
591665
5917424
5917486
5919844
5922717
5924249
5925305
5925706
5926599
5929622
5935668
5935891
593790
593790
594107
5957696
595950
5959917
5960576
5961568
5961605
5961629
5965886
5967451
5968293
5969029
5970595
5979053
5979053
5981499
5981502
5981669
59854
5991017
5994472
5994473
5996168
5997201
5997671
599777
599777
5997817
5998016
6008035
6008363
6008733
6009102
6010660
6012303
6013167
6013695
6014454
6016055
6018973
6020096
6020786
6023592
6024522
6028269
6028580
603067
603067
603109
603109
6032253
603307
6034835
6035703
6036343
6038300
6039474
6040117
6040472
6044467
6044795
6044816
6045733
6047082
6047632
6048380
6048380
6050214
6050214
6051041
6055885
6056004
6056744
6057998
6058795
6059544
6059893
6065671
6065723
6067478
60681
6070079
607026
607045
607045
6074786
6075797
6077037
6081861
6082294
6082462
6083762
6085913
6085994
6093663
6095292
6096314
60974
6098279
6098557
6099058
6099384
6099480
6100579
6105351
6110023
6114825
611622
611622
613080
613080
6135963
6137441
6137535
6138066
6138567
6138627
6141334
6141410
6143924
6143924
6145696
6147012
6149252
6150431
6150525
6152062
6152759
6153684
6158187
6165475
6165608
6165608
6166680
6171056
6180134
6180443
618368
618368
6185054
6190931
6191193
6193178
6193178
6194295
6197464
6197464
6197657
6197665
6198605
6201841
6203052
6203287
6203287
620438
620438
6206057
620708
620708
6216302
622371
6224395
6227144
6228460
6229528
6229845
6234601
6242943
6244697
6247882
6253773
62546
62546
6256132
6257550
6257795
6265229
6270018
6270879
6271258
6272834
6273268
6276310
6276411
6277621
6283116
6283416
6283448
6283448
6283739
629481
629481
6298135
6300657
6300911
6307875
6308152
6310442
6311307
6311307
6320390
6320684
6321338
6322678
6324597
6327308
63277
6331388
633252
6333415
6343076
6344785
6345511
6347616
6352837
6353082
6353088
6353097
6353214
6354024
6354026
6354039
6354090
6354129
6354145
6354156
6354192
6354193
6354199
6354223
6354241
6354407
6354455
6354656
6354657
6354658
6354800
6354803
6354897
6355073
6355813
6356240
6356440
6356441
6356525
6357117
6357211
6357254
6357257
6357278
6357438
6357445
6357465
6357472
6357500
6357503
6357521
6357522
6357652
6357701
6357738
6357746
6357783
6357787
6357788
6357826
6357828
6357935
6357944
6357945
6357989
6358115
6358227
6358316
6358327
6358376
6358383
6358437
6358447
6358471
6358523
6358536
6358649
6358666
6358697
6358732
6358775
6358816
6358818
6358819
6358856
6358872
6359004
6359054
6359078
6359081
6359107
6359157
6359231
6359259
6359273
6359283
6359284
6359320
6359377
6359445
6359447
6359452
6359487
6359491
6359500
6359509
6359510
6359517
6359519
6359523
6359529
6359544
6359554
6359577
6359629
6359630
6359631
6359632
6359692
6359708
6359719
6359856
6359863
6359866
6359881
6359888
6360445
6361181
6361706
6362196
6367942
6370348
6373910
6374072
6377108
6377795
6377854
6378272
6379610
6379610
6380645
6382042
6382980
6382983
6383009
6384662
6384706
6385111
6386197
6386528
6386631
6389074
6391860
639249
639249
6392500
6395437
6396269
6396557
6398534
639868
639868
639973
639973
6407548
6407848
6410127
6412887
6413214
6416463
6418289
6418396
6418396
6418414
6419561
642749
642749
643804
643804
643842
643842
6454447
646153
646153
6480050
6481336
6505753
6507220
6507271
6511289
6514520
6516846
6517460
6518209
652663
6527776
6527805
6527814
6527817
6527819
6527830
6527855
6527943
6527959
6528046
6528171
6528183
6528207
6528238
6528393
6528422
6528663
6528717
6528801
6528863
6529057
6529107
6529135
6529187
6529249
6529330
6529365
6529602
6529612
6529721
6529825
6529837
6529871
6529972
6529990
6530019
6530033
6530056
6530066
6530080
6530217
6530262
6530284
6530333
6530474
6530517
6530527
6530572
6530577
6530661
6530713
6530756
6530820
6530922
6530923
6530924
6530925
6530926
6530928
6530942
6531093
6531125
6531253
6531276
6531296
6531305
6531332
6531338
6531363
6531374
6531382
6531492
6531561
6531568
6531580
6531630
6531638
6531798
6531825
6531834
6531842
6531861
6531912
6531913
6531923
6531936
6531946
6531971
6531972
6531973
6531978
6531984
6532007
6532050
6532102
6532110
6532113
6532117
6532152
6532165
6532263
6532315
6532345
6532374
6532381
6532419
6532534
6532581
6532597
6532606
6532648
6532683
6532722
6532744
6532757
6532819
6532820
6532821
6532824
6532828
6532846
6532870
6532899
6532934
6532963
6533023
6533028
6533077
6533396
6533441
6533460
6533465
6533530
6533567
6533570
6533574
6533593
6533603
6533610
6533612
6533614
6533623
6533638
6533641
6533708
6533709
6533719
6533721
6533734
6533779
6533810
6533877
6533938
6533988
6534041
6534051
6534052
6534053
6534151
6534260
6534267
6534287
6534334
6534449
6534555
6534559
6534571
6534585
6534589
6534592
6534628
6534706
6534712
6534762
6534908
6534933
6534974
6535007
6535030
6535032
6535052
6535061
6535179
6535182
6535196
6535216
6535234
6535242
6535250
6535433
6535510
6535568
6535581
6535649
6535696
6535712
6535750
6535751
6535789
6535834
6535849
6535854
6535880
6535913
6535950
6536025
6536089
6536126
6536135
6536187
6536246
6536324
6536327
6536344
6536368
6536372
6536395
6536406
6536420
6536424
6536434
6536446
6536564
6536612
6536641
6536669
6536693
6536696
6536703
6536717
6536751
6536771
6536801
6536859
6536862
6536975
6536978
6536982
6537080
6537097
6537219
6537274
6537295
6537296
6537394
6537461
6537463
6537464
6537509
6537510
6537512
6537527
6537548
6537551
6537602
6537666
6537673
6537681
6537736
6537799
6537801
6537804
6537851
6537860
6537864
6537877
6537921
6537958
6537961
6538042
6538107
6538151
6538190
6538234
6538260
6538292
6538316
6538369
6538370
6538384
6538553
6538611
6538704
6538777
6538880
6539007
6539114
6539201
6539228
6539233
6539306
6539317
6539321
6539379
6539484
6539583
6539585
6539592
6539593
6539599
6539615
6539724
6539767
6539807
6539817
6539870
6539884
6539929
6539974
6539978
6539998
6540002
6540064
6540082
6540134
6540246
6540334
6540471
6540524
6540708
6540737
6541103
6541231
6541233
6541239
6541270
6541403
6541409
6541415
6541423
6541431
6541456
6541494
6541510
6541533
6541569
6541620
6541628
6541639
6541689
6541694
6541738
6541771
6541917
6541946
6541980
6541995
6541996
6542035
6542075
6542076
6542078
6542082
6542212
6542278
6542310
6542528
6542531
6542536
6542550
6542565
6542568
6542576
6542634
6542730
6542815
6542849
6542918
6542989
6543106
6543127
6543205
6543212
6543256
6543259
6543665
6543931
6543990
6544012
6544036
6544192
6544218
6544259
6544262
6544396
6544596
6544606
6544616
6544642
6544696
6544733
6544740
6545073
6545130
6545198
6545310
6545327
6545338
6545346
6545387
6545416
6545426
6545428
6545513
6545589
6545611
6545633
6545644
6545678
6545679
6545713
6545747
6545797
6545801
6545806
6545831
6545832
6545842
6545896
6545903
6545914
6546016
6546052
6546105
6546108
6546133
6546207
6546208
6546245
6546265
6546286
6546291
6546477
6546498
6546618
6546671
6546683
6546700
6546716
6546764
6546811
6546826
6546933
6546957
6546974
6547000
6547016
6547071
6547092
6547121
6547202
6547287
6547399
6547602
6547688
6547780
6547781
6547899
6548034
6548255
6548321
6548331
6548355
6548357
6548359
6548458
6548486
6548646
6548659
6548673
6548705
6548758
6548829
6548853
6548867
6548895
6548916
6548971
6548974
6549074
6549221
6549258
6549354
6549426
6549449
6549462
6549465
6549470
6549499
6549519
6549543
6549580
6549731
6549798
6549842
6550154
6550445
6550605
6550620
6550676
6550686
6550785
6550793
6550802
6550805
6550834
6550873
6550897
6551058
6551089
6551100
6551134
6551273
6551345
6551348
6551366
6551433
6551476
6551646
6551658
6551659
6551674
6551736
6551788
6551909
6551958
6551980
6552183
6552184
6552213
6552489
6552495
6552629
6552830
6552945
6552973
6552998
6553004
6553005
6553034
6553035
6553128
6553132
6553158
6553177
6553195
6553368
6553373
6553384
6553437
6553537
6553637
6553643
6553653
6553654
6553655
6553689
6553711
6553721
6553751
6553764
6553787
6553801
6553809
6553824
6553826
6553834
6553871
6553880
6554078
6554185
6554211
6554216
6554252
6554282
6554317
6554325
6554440
6554504
6554575
6554590
6554592
6554610
6554650
6554670
6554697
6554711
6554714
6554722
6554749
6554764
6554768
6554825
6554840
6554888
6554898
6554903
6554946
6554948
6554963
6554990
6554998
6555015
6555049
6555076
6555100
6555109
6555130
6555152
6555167
6555171
6555182
6555206
6555258
6555282
6555292
6555312
6555350
6555416
6559036
6559194
6560897
6561277
6562924
6563152
6563600
6564322
6571358
6572788
6573386
6574196
6575432
6576204
6576644
6577293
6579649
6580306
6583329
6588176
6588420
660179
660179
6619945
6625244
6625620
6625795
662733
662733
6627733
6628371
6630214
6630447
6661156
6662747
6662781
6665189
6671677
6677291
6677774
6678127
6679830
6680081
6680219
6681499
6682647
6684406
6684733
6689930
6695744
6696265
6698214
6698359
6700494
6700587
6701850
6702162
6709044
6712498
6712801
6713612
6715446
6715534
6715624
6715625
6723807
6725672
6731173
6741037
6745683
6746001
6747169
6747174
6747187
6747439
6747514
6747517
674917
674917
6759800
6766034
6766284
6766297
6766300
676844
676844
6771102
6772357
6773282
6773298
6773713
6776364
6780688
6782525
6784701
6785662
6785826
6787047
6787584
6787685
6790222
6790376
6790698
6791149
6791930
6792138
6801866
6801890
6802416
6805277
6805277
6822059
6824589
6825084
6826439
6826439
6829336
6829336
6831114
6831138
683583
683583
6836402
6836402
6849646
6849646
6850605
6851581
6853218
6853218
6861142
6873497
6873497
6874490
6880200
6880200
6880687
6880687
6880703
6882201
6882201
6883841
6883841
6884847
6885934
6886073
6886073
6886143
6886143
6886409
6887121
6887556
688767
688767
6887944
6887967
6888190
6888190
6888289
6888289
6924223
6924223
6927978
6928581
6928581
6929451
6929665
6930239
6930497
693094
693094
6931000
6933179
6933570
6940
6940
6941037
6943014
6943014
6946988
6961863
696278
696278
6966237
6986440
6993471
6993472
6994828
6994828
6995159
7001205
7001205
700795
700795
7008245
7008250
7010048
7010312
7010926
7012355
7012592
7012993
7031627
7031630
7031631
7031928
7032168
7032168
7033173
7043969
7050095
7050095
7052155
7054969
7054969
7056846
7056846
7058563
7060224
7060224
7066291
7067189
7070244
7070395
7074612
7085493
7086993
7086993
7087081
7090677
7090677
7090680
7090684
7090705
7095027
710009
710009
7102036
7105827
7105827
7107429
7108153
7108153
710860
710860
710989
710989
7110414
7110431
7110434
7110436
7115726
7116749
7116760
7119248
7120276
712059
712059
7123948
7129205
7130764
7134737
7135683
7137929
7140197
7141046
7143081
714588
714588
7151154
7151381
7152190
71531
7161749
7162575
7165824
7165848
71775
7179521
7182256
7183567
7183589
7184268
7190366
7191425
7191425
7193117
7193123
7197525
7198800
7199107
7199828
720078
720078
7204734
7205140
7205329
723376
723376
7249038
7250919
7251168
7253543
7254624
7256307
7256672
7256672
7259801
7289009
7289232
7290803
7291867
7292866
7292866
7299728
7299931
7303593
7303944
7303944
732206
732206
733492
733492
735330
735330
73534
737363
737363
7383196
7383196
7383318
7384748
7384748
738879
738879
743038
7441745
745119
745119
746244
7463354
7463354
747042
747042
748251
748251
7482639
748273
7483830
7483830
7484221
7484221
7486476
7486476
7488710
7488710
7493871
749399
749399
7495587
7495587
7495749
7518076
752291
752291
7525264
7525264
7527184
7527581
7528381
7528381
7531077
7531077
7531631
7531978
7531978
7533408
7533473
7533473
7533529
7533529
7541332
7555633
7556254
7556405
7556405
7556486
7556621
7559393
756117
756117
756708
756708
7567884
7568703
7571368
7571594
7571594
7572556
7572556
7572576
7572605
7582252
7582252
7585803
7585803
7586884
758698
758698
7604158
7606256
7606358
7607469
7607469
7608100
7609029
7612243
7612578
7613555
7613634
7614772
7615302
7615539
7615664
7615932
7617090
7618450
761853
761853
7619406
7624228
7624228
7624864
7624942
7624942
7624947
7625269
7626561
7626734
7626734
7626958
7631467
7631881
7634617
76362
764086
764086
7643971
7643971
7644055
7644296
7645277
7645550
7648484
7649527
7649838
7654529
7656297
7657059
7657139
7657155
7657923
7658006
7658467
7658652
7658964
7659004
7659065
7659139
7659166
7659293
7659360
7659431
7659465
7659472
7660050
7660055
7660063
7661721
7661849
7662034
7664046
7664406
7664446
7665662
7665668
7665668
7665717
7665725
7666110
7666340
7666341
7666341
7666641
7666642
7666643
7667118
7667143
7670093
7671062
7671206
7671244
7671244
7671588
7672623
7672653
7673760
7674179
7674671
7677706
7677808
7678534
7678768
7678785
7678788
7679749
7679922
7679969
7680450
7681077
7682089
7682162
7683194
7685193
7685194
7685577
7685578
7686320
7687269
7689482
7689917
7690574
7690640
7690954
7691068
7693520
7693520
7693526
7693704
7693930
7695485
7697079
769772
769772
77033
7705984
7706244
7706244
7706284
7706288
7707314
7713377
7713533
7714213
7715367
7716341
7716341
7716446
7716446
7716614
7717841
7718790
7719029
7720726
7720726
7721411
7721627
7725427
772622
772622
7734687
773530
773530
7735742
7739453
7740001
7740841
7742155
77457
7746826
7752645
7753235
7754154
7754940
7760330
7760330
7761023
77612
77612
7762858
7773771
777956
7779855
7793667
7793668
7794658
7804353
782476
783485
783485
783511
783511
784055
784055
7854870
7856753
7856753
7859044
7861099
7861898
7861898
7861960
7872937
7872937
7875603
7875603
788263
7888117
7888324
7889145
7891794
7894912
7895814
7899394
790282
790282
7922351
7922351
7924889
7925777
7925777
7934925
7934925
7935646
7937924
7948426
7948568
7948568
7949574
7949574
7950285
7959051
7961248
7971541
7972081
7978701
798209
798209
7982557
798367
798367
798645
798645
798650
798650
798685
798685
7992785
7994966
7994966
7996171
7996818
7996818
8002768
8002768
8006525
8007039
8008455
8009554
8009555
8011127
8011346
8011346
8011347
8013375
8013376
8013377
8013664
8013665
8013666
8013734
8013735
8013736
8013737
8013738
8013739
8013739
8013740
8013741
8013741
8013742
8013743
8013744
8013745
8013746
8013747
8013748
8013749
8013750
8013751
8013752
8013753
8013754
8013755
8013756
8013757
8013758
8013759
8013760
8013761
8013762
8013763
8013763
8013999
8014117
8014175
8014176
8014177
8014178
8014179
8014180
8014189
8014190
8014191
8014192
8014194
8014206
8014262
8014262
8014263
8014264
8014264
8014265
8014266
8014267
8014268
8014268
8014269
8014270
8014271
8014272
8014272
8014273
8014274
8014274
8014275
8014276
8014276
8014277
8014278
8014279
8014280
8014281
8014282
8014282
8014283
8014284
8014285
8018785
8021414
8022614
8022614
8023400
8023400
8024792
802500
802500
8027318
8027318
8030789
8030789
8031980
8032079
8032553
8033282
8033791
8038353
8038353
8039863
8046297
8046297
8046337
8046455
8047390
8047732
8047732
8049028
8052855
8053391
8053391
8064525
8065359
8065359
8065386
8066484
8066484
8071623
8073079
8074096
8074246
808697
808697
809937
812188
812188
81327
81327
8141688
8141751
814786
814786
8164851
8164851
820240
820844
820844
8209783
8210115
8212455
8212455
8212480
8212580
8215811
8215811
8217473
8226202
8240668
8240668
8240842
8244401
8244401
8246067
8246338
8246693
8248805
8253625
8253714
8253714
8254488
8254488
8255066
8255692
8255692
8259776
82604
82604
8262865
8267723
8268011
8273405
8274146
8276738
8277296
8277360
8278250
8278721
827903
827903
8280476
8280507
8280597
828184
8283067
8283856
8284299
8287171
8287276
8293093
8293694
8293985
8294421
8295868
8298638
8300222
8305363
8305685
8305810
8305913
8305913
830651
830651
8313577
8326139
8326398
8326398
8326919
8327324
8327912
8330282
8331207
8331341
8334981
8337272
8391177
8391800
8391998
8391998
8392044
8396148
8396163
8397589
8397590
8397591
840037
8401150
8402817
8402919
8403547
8406861
8406861
8407582
8407762
8408117
8408734
8408734
8408970
8429691
8429918
8430078
8434256
8437523
8437796
8439563
8441882
8452009
8453690
8453923
845463
845463
8454996
8454996
8457194
8459740
846075
846075
8461742
8462274
8462274
8462844
8462844
8463255
8463342
8463342
8463398
8463398
8465964
8465964
8467294
8467294
8468370
8468391
8469067
8469839
8469862
8490547
8490791
8491009
8491172
8491911
8491911
8492
8508390
8508422
8509076
8510141
8510141
8510164
8510610
8511604
8511737
8515384
8517054
852031
854969
8549917
8552079
8552079
857329
857329
8573312
8573312
85781
85781
858632
858632
8594756
8594756
8595221
8595415
8596965
8597384
8597393
8597393
8603023
8612180
8612774
8613179
8613567
8621935
8631210
8639083
8642062
8642062
8644858
8646294
866252
866252
867164
867164
8685961
8685961
8688823
869171
869171
8692286
8693797
869528
869528
872068
872068
872345
872345
874470
874470
874915
874915
8749972
8750946
8751000
8751356
8753573
8754575
8754575
8755074
875626
875626
8761801
876234
876234
8765617
8787461
8792585
8792585
8796996
879700
879700
8797701
8799636
8799636
8812696
8812696
8813869
8816766
8817279
8819145
8819578
8819578
8819580
8819580
8823039
8823342
8823342
8827005
884189
884189
885120
885120
8854493
8854966
8856132
8859033
8860027
8862329
8863106
8863106
8863110
8863110
8863682
886593
886593
8866358
8868597
8868597
8872201
8883674
8883766
8884918
8885605
8892390
8893838
8895171
8896456
8896456
889819
889819
8908475
8908475
8908580
8910028
8911418
8912355
8912355
8912524
8912616
8915511
8916560
8916619
8917323
8918351
8919074
892552
8927092
8927422
8927441
8945676
8945785
8945785
894585
894585
8948665
8949010
8949010
8949171
895634
895634
900308
900308
90041
90041
902284
903149
903149
906641
906641
906698
9076682
9076682
9077149
9077149
9109727
912019
912019
9125185
9127928
9127928
9128444
9128444
9128480
9129100
9131080
9131488
9133603
9134166
9134166
913704
913704
9139056
9151328
9151328
9154120
9154696
9155099
916118
916118
918063
918063
9180997
9180997
9186529
9186529
919176
919176
9192626
9192626
9198439
9198607
9198892
9200680
9200978
9201922
9202555
9203623
9214976
9214976
9219516
9219516
9219592
9219816
9221755
922523
922523
923686
923686
923793
9246168
9246281
9246281
9247343
9247599
9250330
9250330
9259840
9259840
9261133
9261133
9261141
926146
926146
9261894
9263920
9266751
9266751
9268721
9270052
9270052
9276954
9276954
9278922
9278922
9279512
9280407
928215
928215
9293888
9299291
9299752
9301410
9322334
9322334
9323524
9323524
9323698
9324371
9325164
9325164
9325170
9326032
9330148
9330644
9330645
9330645
9330646
9330647
9330648
9330649
9330649
9332569
9334157
9334157
9334691
9334691
934139
934139
93521
93521
935515
935515
9380012
9381227
9381227
9382066
9382066
9382394
938472
938472
9385544
9387970
938880
938880
9390407
9390407
9392887
9392887
9419346
9419571
9419571
9419699
9419815
9430497
9430497
9430809
943176
943176
9431806
9431912
9431912
9432022
9432674
9433832
9433968
94412
94412
9447449
9447449
9448876
9449394
9450098
9454291
9454303
9454331
945712
945752
945752
9459175
947728
947728
947810
948144
948569
948569
95001
95001
9505542
950730
951683
9520530
9521780
9523314
9525310
9525607
952908
952908
954437
954437
9546530
9546700
954886
954886
9549379
9553709
9555181
9555418
9555490
9555511
9555659
9555660
9555661
9555662
9555852
9557559
9557770
9558666
9558667
9558810
9558811
9559279
9559882
9561049
9562705
9563545
9567604
9569625
9569963
9571459
9574715
9575403
9576471
9577624
9577624
9577936
9578146
9579726
9583112
9583290
9585566
9585566
9588390
9588391
9589901
9590167
9590167
959508
959508
9595738
9597792
9599460
9599801
9600414
9601701
9601907
960695
960695
962676
962676
9627191
9630087
9636502
9641633
9645986
9648023
9648275
9648776
9648859
9648885
9648896
9648924
9648924
9648936
9648994
9649074
9649137
9649182
9649184
9649350
9649498
9649717
9649776
9649801
9649801
9649959
9650141
9650160
9650209
9650229
9650229
9650250
9650322
9650339
9650342
9650448
9650461
9650485
9650521
9650521
9650549
9650637
9650640
9650651
9650905
9651271
9651328
9651393
9652260
9652260
9654934
9661699
9667221
9667823
9667823
9672318
9672535
9672535
9676218
9682703
9690011
9690647
9691771
9691771
9692587
9694733
9694733
9697950
9697950
9698679
9698679
9699001
9699001
970004
970004
9701456
970804
9708235
9708387
9711449
9712894
9712894
9717125
9717125
971737
971737
9718131
9718349
9719764
9728857
973795
975087
975087
9754455
9757755
9758028
9758028
9761025
9761027
9761200
9761853
9761853
9766191
9769378
9770124
9780614
9780740
9780844
978583
9790562
9793241
9793241
9793314
9827208
9828062
9828908
9833524
9833524
9834157
9834485
9834485
9835588
9836552
9836552
9837916
9840769
984503
984503
985596
985596
9858384
9864440
9864440
9865567
9866406
986748
986748
9867586
9867588
9867588
986848
986848
9870105
9870105
987024
987024
987770
989145
9894797
9894876
9895747
9895747
9898432
9898433
9898620
9900711
9903168
9903909
9906757
9906757
9906830
990685
990685
9907422
990777
990777
9908224
9908225
9908315
9908315
9909345
9909345
9911642
9911642
991701
9919229
9921709
9921709
9923459
9923726
9926144
9926327
9926439
9928140
9928697
9928697
9928752
9928752
9930676
9934815
9934892
9935913
9940392
9941556
9941556
9946848
9947176
9956094
9956094
9956620
9956620
997030
997030
9984083
9984083
9996773
9998819
9998819
