10015924
1002487
1002928
1005302
10058856
10058895
10095089
1012501
10162297
10171058
1017343
1018866
1020340
10215181
1022249
10226309
10227188
1022758
10236653
10243993
10247201
10261978
1029636
10299078
10315862
10317255
10320517
10322024
10322074
10322141
10322543
10322546
10329595
10331737
10334123
10341823
10342235
10342709
10342715
10344280
10345845
10346891
10347079
10347089
10347295
1034949
10350321
10350572
10356425
10377688
10378697
10380725
10388491
10390881
10405629
10405630
10407028
10423331
10428498
1043026
1043624
10442826
10448987
10451939
10464190
10466943
10468690
105081
1051388
10524313
10581244
10595831
10595882
1060544
10614172
10619950
10623132
10628643
10628681
10628725
10628805
10653513
10653520
10653523
10653538
10673132
10677614
10677617
10677639
10677641
10677644
10677655
10677677
10695173
10695369
10695373
10695399
10695407
10695414
10706650
10717401
10717428
1074465
10757634
10798455
10801032
10804401
10814670
10822685
10827812
10849952
10851748
10856667
10860730
10867994
10882880
10882984
10884885
10887231
1089208
1090991
1091023
1093715
1094639
1097285
10974076
10974211
10974850
10976230
1097845
10982496
1098660
11015821
11021336
11024358
1103476
11040378
11048834
11064638
11065253
11072901
11073838
11073913
11074314
1108245
1108538
11086647
1108932
11092478
11092488
11092780
11092872
11097853
11101755
11107753
11114412
11114758
11115015
11115079
11118643
11120682
11127118
11133200
11135541
11158883
1129648
113185
11354439
11384609
1140991
114625
11486874
11486875
11494986
11495767
11496947
11497431
11498462
11498827
11499106
11499247
11500694
11502164
11507080
11507756
11509190
11510948
11511008
11511094
11512666
11517577
11519346
11519652
11520756
11520822
11521501
11521722
11521731
11521888
11521970
11522176
11522927
11523502
11523766
11524031
11524383
11525643
11528684
11529667
11529903
11530810
11532751
11533272
11533848
11535787
11535888
11535890
11535916
11536994
11537635
11539900
11540420
11540601
11543151
11546231
11550291
1155115
11553171
11565233
11565508
11566442
11566883
11574983
1158671
1159587
1161103
1168107
1168713
1171882
1178298
11798291
11798816
11805806
11809007
11810902
11813402
11818918
11819343
11826171
11835104
1186722
1186805
1186836
1187565
1188527
11900181
11900420
11901723
11902593
1191592
1192370
11962655
11962991
11963019
11963379
1197213
119886
119911
11998145
11998606
12004479
12009745
12010484
12012028
1201356
12018299
12018306
12020267
1202120
12022178
12026731
12057394
120645
12065710
12065873
12066607
12067169
12072410
12079998
120825
12088769
120947
12109004
12109675
12122094
12123355
12124416
12124862
12135210
12143620
12159901
12160577
12161426
12167034
12189083
12199539
12200594
12200603
12227524
12227566
12227601
12227789
12227890
12228377
12261255
122716
123106
123295
12373850
1240140
1240507
12405429
12405749
124114
1245627
12459722
1247328
1247349
1248195
1250704
1253042
12548061
125902
1259922
1261945
1265785
1273080
1273597
1273747
127443
1276082
12879617
12884408
12895922
12897848
12900951
12905858
12912292
12913331
12918609
1292027
1292200
12923497
1293493
12940012
1295791
1295897
1295979
129833
12993095
13001594
1302569
130351
1303546
13051264
1305638
13060045
1306240
13063070
13083119
13084983
13085601
13095361
13096731
13099539
1310682
13121562
13126639
13130738
1313308
13138232
1313941
13166826
13167067
1316740
13167537
13167618
13169927
13172317
13173855
13174328
13174958
13176971
13177429
13177652
13177911
13181442
13181510
13182473
13183237
13183255
13183468
13183962
13184611
13185943
13186777
13188452
132002
13218897
13227042
13232521
1323256
13235499
1323617
13242253
1325029
13250304
13255020
13255998
13275927
13280006
132837
13286701
13288465
1329458
13294663
13294968
13295260
13298941
13299621
13299630
13301183
13301933
13305680
13311557
13311642
13311652
13311680
13311693
13311881
13311934
13311974
13311986
13312405
13312408
13313067
13313434
13313704
13313799
13314985
13314986
1331895
13329335
13332520
13334315
1334742
1337779
1344089
1345804
1346407
1346672
1347059
1347929
1356219
135942
1361529
1363579
136409
137175
1374769
138453
138926
139471
1401801
1489503
1490894
1492350
1493655
15000182
15000594
15001329
15002081
15004046
15005558
15005584
15007178
15007384
15008809
15010069
15010489
15010642
15010678
15010825
15011503
15011982
15012251
1501458
15017574
15019285
1502252
15030767
15036397
15038667
1504353
15045189
15049655
15050029
15054789
15062000
15062002
15062183
15062947
15063381
15071848
15071909
1510507
15152750
15153213
15153827
15154313
15158107
15160511
15160518
15162105
15165849
15168977
15169076
15257443
15258579
15265078
15265140
15265194
15265197
15265206
15265230
15265527
15265600
15266905
15267153
15268091
15268244
15269698
15269722
15269742
15269799
15269803
15269839
15269872
15270070
15270074
15270124
15270266
15270309
15270406
15270416
15270478
15270498
15270524
15270556
15270566
15270574
15270575
15270577
15271468
15271594
15271645
1527884
15281241
15286236
15286240
15286259
15286273
15286289
15286290
15286296
15286446
15286483
15286498
15286499
15286524
15286595
15289590
15290392
15290415
15290416
15290476
15291998
15292039
15292183
15293058
15307664
15307686
15307728
153144
15315713
15315721
15315747
15315767
15315882
15315892
15315896
15315970
15315988
15316045
15316220
15316232
15316259
15316346
15316347
15316348
15316374
15316505
15316531
15316533
15317249
15318360
15318902
15319930
15320155
15320598
15322368
15322723
15332644
15332687
15351244
15353214
15353215
15353217
15354735
15354769
15354819
15354827
15354860
15354876
15355260
15356038
15356458
15358025
15358045
15358245
15367955
15367965
1537624
15386323
15386395
15386457
15386585
15386602
15386627
15386662
15386686
15387027
15387028
15387079
15387134
15387157
15387160
15387171
15387176
15387447
15388200
15388531
15388533
15388540
15390719
15391182
15394181
15400124
15401764
15403384
15406738
15406990
15407149
15407153
15410057
15412584
15412858
15414638
15414721
15417345
15417855
15421489
15421491
15423349
15424912
15426970
15429225
1543480
15436296
15436905
15437161
15438438
15438679
15438708
15438730
15438743
15438818
15438835
15439460
15441855
154533
15458597
15490984
15490987
1549596
155612
1557962
1560867
1561018
1566713
1570207
1582443
1587870
1590120
1596647
1603536
1611063
1626498
1630494
1648975
1649546
1650440
1652822
1657203
165943
1667947
167127
1672757
1673407
1685068
1685418
1734234
1744602
1746765
1746855
1747331
1747709
1749350
1750587
1751883
1753054
1754185
1755545
1761805
1763015
1763515
1765566
1769343
177006
1771884
1775249
178502
1786802
1793551
1796658
1797878
1801693
1811950
1812740
1813853
1814440
1816476
183830
1850644
1880292
1884495
1885103
1885162
189249
1892632
1894249
189517
1898078
1900635
1925918
1928639
1928766
1940269
1943346
1943740
1945350
1950269
195297
1958115
1959688
1961580
1961761
1967465
1969068
1970180
1975930
1976853
1977490
199128
1994613
2002703
2004128
2004924
200529
2007430
2007842
2010303
2012801
2015864
2017685
2018515
2025017
202534
2029286
2068558
2070054
2075646
207650
2087005
2093534
2093547
2097802
2103442
2103772
2104108
211125
212473
2127952
213051
2133201
213578
2136710
2139803
214643
2146955
2150174
2151040
215447
2162039
2171950
2182054
2183179
2184062
2188993
2200844
2207330
2212342
2214125
2214813
2215729
2227665
2231132
2238492
2242916
2256438
2259556
2259775
2261410
2262109
2262732
2266935
2271551
228537
2288104
2294608
2295927
2303381
2304284
2309965
2320212
2321019
2327532
2331638
2337001
2339094
2339188
2341756
234291
2344950
2348076
2348237
2353127
2380546
2390815
2402995
2404512
241852
242371
2431949
2433217
2434374
2435241
2441424
2442620
2449686
247424
247560
2479521
2482124
2492775
249356
2497701
2502640
2503515
2504793
2504888
2512435
2548023
259715
2601937
2601938
2603868
2621156
2626603
262778
2628885
262981
2629827
2633283
2634082
2634593
2636004
2636665
2644257
2644692
2654358
2655371
2657209
2663045
2664508
266623
266625
2670814
2670828
267212
267225
2679806
2683519
2684179
268484
2686586
2687654
2687682
2694827
2695014
2695475
2697785
2705201
2710744
2711335
2711901
2716091
2717764
2722343
2722360
2731029
2734854
2735229
2735436
2743988
2745348
2748381
275144
2752411
2756813
2760035
2767037
2767463
2767471
276935
2770005
2788349
2792845
2795762
2795972
2801362
2804846
2838777
2859406
289359
2919102
2927088
2947766
294947
2949655
299735
3053301
3080684
3127844
3127886
3129843
3132258
3132490
3132502
3133452
3136486
3136532
3136998
3137304
3137475
3137487
3137588
3137591
3148236
3148337
3149722
3150300
3151172
3151609
3151640
3153428
3153446
3155485
3155501
3156413
3159144
3161317
3163792
3165096
3165127
3166614
3174630
322269
324194
3257080
3261812
3262242
3262478
3262712
3263837
3264224
3264833
3265043
3265777
3268881
3271254
3272491
3272747
3279631
327974
327977
3279772
327979
327980
3279879
3279938
3279942
328142
328180
328181
328184
328185
328187
328240
3282419
328243
328245
328248
328266
328268
328269
328271
328272
328274
328275
328277
328278
328279
3283918
3283948
3285034
3285100
3285831
3285874
3285925
3285998
3286687
3286771
3288244
3289095
3290120
3292116
3292148
3296291
3296354
3296425
3300716
3301761
3302597
3302685
3302797
3304270
3304273
3304518
3304669
330628
3310183
3310198
3311091
3315737
3315739
3318068
3322685
332658
332780
3329573
3336411
343513
3436499
3438400
3465122
34735
349012
349708
3570607
3570610
3570618
3570636
3584738
3588107
3588155
3590146
3624290
3624294
3625740
363506
3675493
3708642
371001
3754348
3755966
378188
37861
3786158
3793471
3801489
3807101
3809250
3812415
3836553
3836689
3836759
3839451
3839455
3839475
3841058
3841977
3842911
3843018
3843020
3843218
3843553
3843557
3843836
3846678
3846704
3846753
3847077
3847572
3848527
3848951
3849819
38912
389554
39205
3936247
3936297
3938106
3938116
3938130
3961629
3963632
3965741
3966586
3970863
3981406
4033042
404279
408252
411886
4120789
415476
4169171
4178917
418969
4228788
423364
423488
4259723
4268875
4272518
428048
428752
4295442
433732
438819
442193
4450497
447561
4485693
449205
449423
4501156
450758
4510772
455103
4552104
4552246
455262
4565439
457609
458689
460070
460439
4609016
461987
46345
466915
467332
468800
471069
4713228
471636
473922
474000
476790
478557
484493
4878336
488229
4907651
4908328
4908493
4908876
4908885
4908896
4909461
4909470
4909491
4909498
4909508
4909525
4909543
491557
492701
4933201
493566
496611
498294
500446
503978
505620
508854
510307
512635
5141925
5183367
5183530
5184937
519093
519744
528375
5284178
5291219
5308708
534273
5362430
5363541
5366787
538915
5406851
5410768
5418733
5425887
5428609
5433420
5435792
5439539
5439661
544070
544402
5451575
5452054
5452071
5453034
5457635
5466182
5475403
548130
54816
5484046
5487324
549438
552673
555467
557972
560306
5619553
5619838
562197
563036
5648418
5655162
5670831
567380
5677974
5681396
568289
5683707
5687010
5692352
5696662
5702974
570550
571213
577395
583029
583903
5846824
588209
5907679
591665
593790
5979053
599777
603067
603109
6048380
6050214
607045
611622
613080
6143924
6165608
618368
6193178
6197464
6203287
620438
620708
62546
6283448
629481
6311307
6379610
639249
639868
639973
6418396
642749
643804
643842
646153
660179
662733
674917
676844
6805277
6826439
6829336
683583
6836402
6849646
6853218
6873497
6880200
6880687
6882201
6883841
6886073
6886143
688767
6888190
6888289
6924223
6928581
693094
6940
6943014
696278
6994828
7001205
700795
7032168
7050095
7054969
7056846
7060224
7086993
7090677
710009
7105827
7108153
710860
710989
712059
714588
7191425
720078
723376
7256672
7292866
7303944
732206
733492
735330
737363
7383196
7384748
738879
745119
7463354
747042
748251
7483830
7484221
7486476
7488710
749399
7495587
752291
7525264
7528381
7531077
7531978
7533473
7533529
7556405
756117
756708
7571594
7572556
7582252
7585803
758698
7607469
761853
7624228
7624942
7626734
764086
7643971
7665668
7666341
7671244
7693520
769772
7706244
7716341
7716446
7720726
772622
773530
7760330
77612
783485
783511
784055
7856753
7861898
7872937
7875603
790282
7922351
7925777
7934925
7948568
7949574
798209
798367
798645
798650
798685
7994966
7996818
8002768
8011346
8013739
8013741
8013763
8014262
8014264
8014268
8014272
8014274
8014276
8014282
8022614
8023400
802500
8027318
8030789
8038353
8046297
8047732
8053391
8065359
8066484
808697
812188
81327
814786
8164851
820844
8212455
8215811
8240668
8244401
8253714
8254488
8255692
82604
827903
8305913
830651
8326398
8391998
8406861
8408734
845463
8454996
846075
8462274
8462844
8463342
8463398
8465964
8467294
8491911
8510141
8552079
857329
8573312
85781
858632
8594756
8597393
8642062
866252
867164
8685961
869171
869528
872068
872345
874470
874915
8754575
875626
876234
8792585
879700
8799636
8812696
8819578
8819580
8823342
884189
885120
8863106
8863110
886593
8868597
8896456
889819
8908475
8912355
8945785
894585
8949010
895634
900308
90041
903149
906641
9076682
9077149
912019
9127928
9128444
9134166
913704
9151328
916118
918063
9180997
9186529
919176
9192626
9214976
9219516
922523
923686
9246281
9250330
9259840
9261133
926146
9266751
9270052
9276954
9278922
928215
9322334
9323524
9325164
9330645
9330649
9334157
9334691
934139
93521
935515
9381227
9382066
938472
938880
9390407
9392887
9419571
9430497
943176
9431912
94412
9447449
945752
947728
948569
95001
952908
954437
954886
9577624
9585566
9590167
959508
960695
962676
9648924
9649801
9650229
9650521
9652260
9667823
9672535
9691771
9694733
9697950
9698679
9699001
970004
9712894
9717125
971737
975087
9758028
9761853
9793241
9833524
9834485
9836552
984503
985596
9864440
986748
9867588
986848
9870105
987024
9895747
9906757
990685
990777
9908315
9909345
9911642
9921709
9928697
9928752
9941556
9956094
9956620
997030
9984083
9998819
